SOURCE=name_minmax_P100_LMAX5.txt
STRATEGY=minmax
P=100
LMAX=5
PARTITIONS=10000
QUERIES=1000
0
0
0
0
0
0
0
2
1909
0
135
0
0
0
0
0
2510
0
0
0
0
3181
1
1
91
0
0
0
0
0
2047
0
0
0
0
2
0
65
0
5411
0
0
0
0
0
0
0
0
56
0
43
0
0
0
0
0
0
749
0
0
3
0
1
0
0
0
0
0
0
1
0
0
0
0
0
0
0
8048
0
0
0
0
0
1
0
0
283
1693
0
0
0
4165
4
0
0
0
0
0
0
1
0
0
0
0
0
0
2
0
0
0
0
0
7323
2988
0
2
0
2
0
0
6
0
75
0
1
1
0
0
239
0
0
0
0
10
8352
0
0
0
0
0
0
0
0
0
0
0
0
0
10
0
1
0
0
0
0
0
0
0
0
0
120
37
1242
0
0
0
2
0
0
0
0
528
0
0
0
1989
0
0
0
0
0
7886
3
0
0
43
0
0
0
3769
0
0
749
1
0
0
0
0
1
0
0
0
86
0
0
0
2364
0
0
0
0
0
0
0
0
0
0
1
0
0
0
0
0
7
344
0
0
0
0
0
0
0
0
0
0
0
0
0
0
0
0
0
0
0
0
0
0
0
0
0
0
209
0
1
0
0
0
352
9994
0
0
0
0
0
0
0
0
0
0
0
0
0
0
0
0
0
0
0
0
135
0
0
0
75
0
0
21
0
0
0
0
0
0
1095
0
0
0
0
0
2
0
0
65
0
0
0
87
0
0
0
0
0
0
491
37
0
5866
0
0
0
0
0
0
0
0
25
0
0
0
0
1
435
0
0
0
0
0
0
0
0
0
0
0
0
0
0
0
0
0
0
0
0
43
0
0
0
0
0
0
0
161
0
0
0
0
209
0
0
4364
0
0
749
0
0
0
0
0
0
0
0
0
0
0
0
0
0
235
0
0
0
0
0
0
0
0
4
0
0
0
0
0
0
0
0
0
0
0
0
0
0
0
0
0
0
0
0
0
3782
59
0
564
0
0
519
0
0
0
0
0
0
0
0
0
0
0
6
0
0
0
19
121
0
0
0
2
0
0
0
0
161
0
0
9
0
0
0
0
0
0
0
0
0
0
0
0
0
0
1
0
672
6
0
0
0
0
0
0
0
0
0
0
0
0
0
0
0
0
48
2
0
0
0
0
0
0
0
0
0
0
0
401
146
8939
19
0
4
0
0
0
0
0
0
21
0
0
7540
0
0
0
0
0
2220
0
0
0
274
0
0
0
0
0
0
24
0
0
1
6
0
0
0
0
0
75
0
0
0
0
0
0
0
0
0
0
0
0
0
0
0
0
212
0
0
0
24
0
0
0
0
0
0
0
0
0
0
0
0
0
0
0
0
0
0
0
0
43
0
0
0
0
0
0
0
0
0
0
0
0
5655
19
0
0
0
0
0
0
0
0
0
0
0
0
0
0
0
1
0
0
0
14
0
0
0
0
4179
0
0
0
0
0
0
0
0
0
1
0
0
2
0
0
0
0
0
0
0
0
0
0
0
0
0
19
0
0
0
200
0
0
2
0
0
0
672
0
0
0
0
0
0
225
0
0
0
0
0
1
1095
0
0
0
0
1353
1126
0
0
0
0
0
32
0
0
0
0
0
0
51
0
1
0
0
0
4
0
2
0
32
0
0
0
0
0
0
0
0
0
0
0
0
0
0
259
0
0
0
0
0
0
0
2
0
0
0
620
0
1
0
0
0
0
0
0
0
0
1
0
0
0
16
0
0
0
0
0
0
24
0
133
0
0
0
12
0
258
0
0
0
0
0
6636
0
0
0
1
0
0
5461
0
0
0
0
0
286
0
0
0
3
0
4
0
0
0
0
0
0
0
0
0
0
0
0
7430
0
0
0
161
0
0
0
0
5
0
205
0
0
0
0
0
0
0
0
2
0
1
0
2
0
0
0
0
0
0
0
0
0
0
0
556
3227
0
0
0
0
0
75
0
0
0
48
0
0
0
0
0
0
0
0
0
0
0
459
0
0
1
0
0
0
0
0
2
0
0
0
0
24
32
2
1
2
0
0
0
0
55
19
2
0
0
0
0
0
0
0
0
32
32
1275
0
0
0
0
43
1
0
0
0
0
124
1897
0
0
0
2
0
0
292
0
0
0
0
0
0
1
1
0
335
0
0
0
1596
0
0
0
56
0
0
7
0
0
0
0
0
0
0
0
299
1
0
0
0
7145
0
0
0
0
0
0
0
0
0
0
0
0
1
2694
0
6
0
0
0
5
130
0
0
0
0
1
0
0
0
0
0
0
392
3347
0
0
1721
2
0
0
0
0
0
0
0
0
0
2
0
0
0
