P=10000
LMAX=12
012 0123456789 0123456789 012 0123456789 0123456789 012 0123456789 0123456789 012 0123456789 0123456789
012 0123456789 0123456789 012 0123456789 0123456789 012 0123456789 0123456789 012 0123456789 0123456789
012 0123456789 0123456789 012 0123456789 0123456789 012 0123456789 0123456789 012 0123456789 0123456789
012 0123456789 0123456789 012 0123456789 0123456789 012 0123456789 0123456789 012 0123456789 0123456789
012 0123456789 0123456789 012 0123456789 0123456789 012 0123456789 0123456789 012 0123456789 0123456789
012 0123456789 0123456789 012 0123456789 0123456789 012 0123456789 0123456789 012 0123456789 0123456789
012 0123456789 0123456789 012 0123456789 0123456789 012 0123456789 0123456789 012 0123456789 0123456789
012 0123456789 0123456789 012 0123456789 0123456789 012 0123456789 0123456789 012 0123456789 0123456789
012 0123456789 0123456789 012 0123456789 0123456789 012 0123456789 0123456789 012 0123456789 0123456789
012 0123456789 0123456789 012 0123456789 0123456789 012 0123456789 0123456789 012 0123456789 0123456789
012 0123456789 0123456789 012 0123456789 0123456789 012 0123456789 0123456789 012 0123456789 0123456789
012 0123456789 0123456789 012 0123456789 0123456789 012 0123456789 0123456789 012 0123456789 0123456789
012 0123456789 0123456789 012 0123456789 0123456789 012 0123456789 0123456789 012 0123456789 0123456789
012 0123456789 0123456789 012 0123456789 0123456789 012 0123456789 0123456789 012 0123456789 0123456789
012 0123456789 0123456789 012 0123456789 0123456789 012 0123456789 0123456789 012 0123456789 0123456789
012 0123456789 0123456789 012 0123456789 0123456789 012 0123456789 0123456789 012 0123456789 0123456789
012 0123456789 0123456789 012 0123456789 0123456789 012 0123456789 0123456789 012 0123456789 0123456789
012 0123456789 0123456789 012 0123456789 0123456789 012 0123456789 0123456789 012 0123456789 0123456789
012 0123456789 0123456789 012 0123456789 0123456789 012 0123456789 0123456789 012 0123456789 0123456789
012 0123456789 0123456789 012 0123456789 0123456789 012 0123456789 0123456789 012 0123456789 0123456789
012 0123456789 0123456789 012 0123456789 0123456789 012 0123456789 0123456789 012 0123456789 0123456789
012 0123456789 0123456789 012 0123456789 0123456789 012 0123456789 0123456789 012 0123456789 0123456789
012 0123456789 0123456789 012 0123456789 0123456789 012 0123456789 0123456789 012 0123456789 0123456789
012 0123456789 0123456789 012 0123456789 0123456789 012 0123456789 0123456789 012 0123456789 0123456789
012 0123456789 0123456789 012 0123456789 0123456789 012 0123456789 0123456789 012 0123456789 0123456789
012 0123456789 0123456789 012 0123456789 0123456789 012 0123456789 0123456789 012 0123456789 0123456789
012 0123456789 0123456789 012 0123456789 0123456789 012 0123456789 0123456789 012 0123456789 0123456789
012 0123456789 0123456789 012 0123456789 0123456789 012 0123456789 0123456789 012 0123456789 0123456789
012 0123456789 0123456789 012 0123456789 0123456789 012 0123456789 0123456789 012 0123456789 0123456789
012 0123456789 0123456789 012 0123456789 0123456789 012 0123456789 0123456789 012 0123456789 0123456789
012 0123456789 0123456789 012 0123456789 0123456789 012 0123456789 0123456789 012 0123456789 0123456789
012 0123456789 0123456789 012 0123456789 0123456789 012 0123456789 0123456789 012 0123456789 0123456789
012 0123456789 0123456789 012 0123456789 0123456789 012 0123456789 0123456789 012 0123456789 0123456789
012 0123456789 0123456789 012 0123456789 0123456789 012 0123456789 0123456789 012 0123456789 0123456789
012 0123456789 0123456789 012 0123456789 0123456789 012 0123456789 0123456789 012 0123456789 0123456789
012 0123456789 0123456789 012 0123456789 0123456789 012 0123456789 0123456789 012 0123456789 0123456789
012 0123456789 0123456789 012 0123456789 0123456789 012 0123456789 0123456789 012 0123456789 0123456789
012 0123456789 0123456789 012 0123456789 0123456789 012 0123456789 0123456789 012 0123456789 0123456789
012 0123456789 0123456789 012 0123456789 0123456789 012 0123456789 0123456789 012 0123456789 0123456789
012 0123456789 0123456789 012 0123456789 0123456789 012 0123456789 0123456789 012 0123456789 0123456789
012 0123456789 0123456789 012 0123456789 0123456789 012 0123456789 0123456789 012 0123456789 0123456789
012 0123456789 0123456789 012 0123456789 0123456789 012 0123456789 0123456789 012 0123456789 0123456789
012 0123456789 0123456789 012 0123456789 0123456789 012 0123456789 0123456789 012 0123456789 0123456789
012 0123456789 0123456789 012 0123456789 0123456789 012 0123456789 0123456789 012 0123456789 0123456789
012 0123456789 0123456789 012 0123456789 0123456789 012 0123456789 0123456789 012 0123456789 0123456789
012 0123456789 0123456789 012 0123456789 0123456789 012 0123456789 0123456789 012 0123456789 0123456789
012 0123456789 0123456789 012 0123456789 0123456789 012 0123456789 0123456789 012 0123456789 0123456789
012 0123456789 0123456789 012 0123456789 0123456789 012 0123456789 0123456789 012 0123456789 0123456789
012 0123456789 0123456789 012 0123456789 0123456789 012 0123456789 0123456789 012 0123456789 0123456789
012 0123456789 0123456789 012 0123456789 0123456789 012 0123456789 0123456789 012 0123456789 0123456789
012 0123456789 0123456789 012 0123456789 0123456789 012 0123456789 0123456789 012 0123456789 0123456789
012 0123456789 0123456789 012 0123456789 0123456789 012 0123456789 0123456789 012 0123456789 0123456789
012 0123456789 0123456789 012 0123456789 0123456789 012 0123456789 0123456789 012 0123456789 0123456789
012 0123456789 0123456789 012 0123456789 0123456789 012 0123456789 0123456789 012 0123456789 0123456789
012 0123456789 0123456789 012 0123456789 0123456789 012 0123456789 0123456789 012 0123456789 0123456789
012 0123456789 0123456789 012 0123456789 0123456789 012 0123456789 0123456789 012 0123456789 0123456789
012 0123456789 0123456789 012 0123456789 0123456789 012 0123456789 0123456789 012 0123456789 0123456789
012 0123456789 0123456789 012 0123456789 0123456789 012 0123456789 0123456789 012 0123456789 0123456789
012 0123456789 0123456789 012 0123456789 0123456789 012 0123456789 0123456789 012 0123456789 0123456789
012 0123456789 0123456789 012 0123456789 0123456789 012 0123456789 0123456789 012 0123456789 0123456789
012 0123456789 0123456789 012 0123456789 0123456789 012 0123456789 0123456789 012 0123456789 0123456789
012 0123456789 0123456789 012 0123456789 0123456789 012 0123456789 0123456789 012 0123456789 0123456789
012 0123456789 0123456789 012 0123456789 0123456789 012 0123456789 0123456789 012 0123456789 0123456789
012 0123456789 0123456789 012 0123456789 0123456789 012 0123456789 0123456789 012 0123456789 0123456789
012 0123456789 0123456789 012 0123456789 0123456789 012 0123456789 0123456789 012 0123456789 0123456789
012 0123456789 0123456789 012 0123456789 0123456789 012 0123456789 0123456789 012 0123456789 0123456789
012 0123456789 0123456789 012 0123456789 0123456789 012 0123456789 0123456789 012 0123456789 0123456789
012 0123456789 0123456789 012 0123456789 0123456789 012 0123456789 0123456789 012 0123456789 0123456789
012 0123456789 0123456789 012 0123456789 0123456789 012 0123456789 0123456789 012 0123456789 0123456789
012 0123456789 0123456789 012 0123456789 0123456789 012 0123456789 0123456789 012 0123456789 0123456789
012 0123456789 0123456789 012 0123456789 0123456789 012 0123456789 0123456789 012 0123456789 0123456789
012 0123456789 0123456789 012 0123456789 0123456789 012 0123456789 0123456789 012 0123456789 0123456789
012 0123456789 0123456789 012 0123456789 0123456789 012 0123456789 0123456789 012 0123456789 0123456789
012 0123456789 0123456789 012 0123456789 0123456789 012 0123456789 0123456789 012 0123456789 0123456789
012 0123456789 0123456789 012 0123456789 0123456789 012 0123456789 0123456789 012 0123456789 0123456789
012 0123456789 0123456789 012 0123456789 0123456789 012 0123456789 0123456789 012 0123456789 0123456789
012 0123456789 0123456789 012 0123456789 0123456789 012 0123456789 0123456789 012 0123456789 0123456789
012 0123456789 0123456789 012 0123456789 0123456789 012 0123456789 0123456789 012 0123456789 0123456789
012 0123456789 0123456789 012 0123456789 0123456789 012 0123456789 0123456789 012 0123456789 0123456789
012 0123456789 0123456789 012 0123456789 0123456789 012 0123456789 0123456789 012 0123456789 0123456789
012 0123456789 0123456789 012 0123456789 0123456789 012 0123456789 0123456789 012 0123456789 0123456789
012 0123456789 0123456789 012 0123456789 0123456789 012 0123456789 0123456789 012 0123456789 0123456789
012 0123456789 0123456789 012 0123456789 0123456789 012 0123456789 0123456789 012 0123456789 0123456789
012 0123456789 0123456789 012 0123456789 0123456789 012 0123456789 0123456789 012 0123456789 0123456789
012 0123456789 0123456789 012 0123456789 0123456789 012 0123456789 0123456789 012 0123456789 0123456789
012 0123456789 0123456789 012 0123456789 0123456789 012 0123456789 0123456789 012 0123456789 0123456789
012 0123456789 0123456789 012 0123456789 0123456789 012 0123456789 0123456789 012 0123456789 0123456789
012 0123456789 0123456789 012 0123456789 0123456789 012 0123456789 0123456789 012 0123456789 0123456789
012 0123456789 0123456789 012 0123456789 0123456789 012 0123456789 0123456789 012 0123456789 0123456789
012 0123456789 0123456789 012 0123456789 0123456789 012 0123456789 0123456789 012 0123456789 0123456789
012 0123456789 0123456789 012 0123456789 0123456789 012 0123456789 0123456789 012 0123456789 0123456789
012 0123456789 0123456789 012 0123456789 0123456789 012 0123456789 0123456789 012 0123456789 0123456789
012 0123456789 0123456789 012 0123456789 0123456789 012 0123456789 0123456789 012 0123456789 0123456789
012 0123456789 0123456789 012 0123456789 0123456789 012 0123456789 0123456789 012 0123456789 0123456789
012 0123456789 0123456789 012 0123456789 0123456789 012 0123456789 0123456789 012 0123456789 0123456789
012 0123456789 0123456789 012 0123456789 0123456789 012 0123456789 0123456789 012 0123456789 0123456789
012 0123456789 0123456789 012 0123456789 0123456789 012 0123456789 0123456789 012 0123456789 0123456789
012 0123456789 0123456789 012 0123456789 0123456789 012 0123456789 0123456789 012 0123456789 0123456789
012 0123456789 0123456789 012 0123456789 0123456789 012 0123456789 0123456789 012 0123456789 0123456789
012 0123456789 0123456789 012 0123456789 0123456789 012 0123456789 0123456789 012 0123456789 0123456789
