P=1000
621 354 337 466
0 255 | 0 255 | 0 255 | 0 255
353 191 605 47
0 255 | 0 255 | 0 255 | 0 255
723 803 24 -1
0 255 | 0 255 | 0 255 | 0 254
417 79 219 -1
0 255 | 0 255 | 0 255 | 1 255
765 316 213 322
0 255 | 0 255 | 0 255 | 0 255
256 173 313 740
0 255 | 0 255 | 0 255 | 0 255
676 591 403 393
0 255 | 0 255 | 0 255 | 0 255
477 133 334 265
0 255 | 0 255 | 0 255 | 0 255
229 818 855 -1
0 255 | 0 255 | 0 255 | 1 255
594 221 176 116
0 255 | 0 255 | 0 255 | 0 255
365 262 725 501
0 255 | 0 255 | 0 255 | 0 255
172 392 426 175
0 255 | 0 255 | 0 255 | 0 255
616 197 564 345
0 255 | 0 255 | 0 255 | 0 255
276 221 66 203
0 255 | 0 255 | 0 255 | 0 255
275 537 319 460
0 255 | 0 255 | 0 255 | 0 255
416 232 76 115
0 255 | 0 255 | 0 255 | 0 255
721 299 344 371
0 255 | 0 255 | 0 255 | 0 255
330 10 668 148
0 255 | 0 255 | 0 255 | 0 255
230 635 937 471
0 255 | 0 255 | 0 255 | 0 255
714 194 683 234
0 255 | 0 255 | 0 255 | 0 255
540 222 711 371
0 255 | 0 255 | 0 255 | 0 255
521 347 602 330
0 255 | 0 255 | 0 255 | 0 255
61 279 781 329
0 255 | 0 255 | 0 255 | 0 255
107 548 309 273
0 255 | 0 255 | 0 255 | 0 255
434 231 249 793
0 255 | 0 255 | 0 255 | 0 255
281 660 523 875
0 255 | 0 255 | 0 255 | 0 255
366 572 440 758
0 255 | 0 255 | 0 255 | 0 255
-1 329 338 202
0 254 | 0 255 | 0 255 | 0 255
97 308 286 146
0 255 | 0 255 | 0 255 | 0 255
461 577 448 186
0 255 | 0 255 | 0 255 | 0 255
230 119 57 408
0 255 | 0 255 | 0 255 | 0 255
53 448 165 285
0 255 | 0 255 | 0 255 | 0 255
43 249 401 635
0 255 | 0 255 | 0 255 | 0 255
238 139 77 16
0 255 | 0 255 | 0 255 | 0 255
622 148 813 115
0 255 | 0 255 | 0 255 | 0 255
530 289 -1 362
0 255 | 0 255 | 0 254 | 0 255
743 852 415 716
0 255 | 0 255 | 0 255 | 0 255
673 302 644 495
0 255 | 0 255 | 0 255 | 0 255
637 49 490 269
0 255 | 0 255 | 0 255 | 0 255
74 231 525 279
0 255 | 0 255 | 0 255 | 0 255
215 223 356 234
0 255 | 0 255 | 0 255 | 0 255
444 366 128 298
0 255 | 0 255 | 0 255 | 0 255
177 100 56 460
0 255 | 0 255 | 0 255 | 0 255
239 386 112 189
0 255 | 0 255 | 0 255 | 0 255
419 261 291 556
0 255 | 0 255 | 0 255 | 0 255
290 103 169 75
0 255 | 0 255 | 0 255 | 0 255
167 146 327 212
0 255 | 0 255 | 0 255 | 0 255
20 176 521 423
0 255 | 0 255 | 0 255 | 0 255
707 122 396 105
0 255 | 0 255 | 0 255 | 0 255
256 864 182 458
0 255 | 0 255 | 0 255 | 0 255
227 304 448 289
0 255 | 0 255 | 0 255 | 0 255
35 136 446 211
0 255 | 0 255 | 0 255 | 0 255
27 403 594 103
0 255 | 0 255 | 0 255 | 0 255
459 688 -1 593
0 255 | 0 255 | 1 255 | 0 255
834 283 371 483
0 255 | 0 255 | 0 255 | 0 255
293 397 626 580
0 255 | 0 255 | 0 255 | 0 255
215 495 32 5
0 255 | 0 255 | 0 255 | 0 255
716 281 758 453
0 255 | 0 255 | 0 255 | 0 255
439 96 917 73
0 255 | 0 255 | 0 255 | 0 255
347 476 204 588
0 255 | 0 255 | 0 255 | 0 255
396 -1 557 274
0 255 | 1 255 | 0 255 | 0 255
554 425 647 184
0 255 | 0 255 | 0 255 | 0 255
259 722 994 333
0 255 | 0 255 | 0 255 | 0 255
41 319 11 796
0 255 | 0 255 | 0 255 | 0 255
128 314 398 310
0 255 | 0 255 | 0 255 | 0 255
185 -1 268 148
0 255 | 0 254 | 0 255 | 0 255
312 368 -1 114
0 255 | 0 255 | 1 255 | 0 255
168 613 -1 457
0 255 | 0 255 | 1 255 | 0 255
342 326 523 342
0 255 | 0 255 | 0 255 | 0 255
242 307 814 282
0 255 | 0 255 | 0 255 | 0 255
353 248 262 337
0 255 | 0 255 | 0 255 | 0 255
45 921 119 254
0 255 | 0 255 | 0 255 | 0 255
138 249 325 179
0 255 | 0 255 | 0 255 | 0 255
625 484 201 256
0 255 | 0 255 | 0 255 | 0 255
699 31 184 671
0 255 | 0 255 | 0 255 | 0 255
278 101 186 512
0 255 | 0 255 | 0 255 | 0 255
123 50 162 144
0 255 | 0 255 | 0 255 | 0 255
38 -1 141 373
0 255 | 0 254 | 0 255 | 0 255
181 334 79 250
0 255 | 0 255 | 0 255 | 0 255
352 492 259 321
0 255 | 0 255 | 0 255 | 0 255
263 753 185 685
0 255 | 0 255 | 0 255 | 0 255
179 -1 216 233
0 255 | 0 254 | 0 255 | 0 255
605 85 426 751
0 255 | 0 255 | 0 255 | 0 255
353 78 531 353
0 255 | 0 255 | 0 255 | 0 255
294 55 142 742
0 255 | 0 255 | 0 255 | 0 255
669 32 567 499
0 255 | 0 255 | 0 255 | 0 255
245 -1 145 191
0 255 | 0 254 | 0 255 | 0 255
-1 361 219 380
1 255 | 0 255 | 0 255 | 0 255
224 119 217 87
0 255 | 0 255 | 0 255 | 0 255
117 169 876 423
0 255 | 0 255 | 0 255 | 0 255
619 142 196 485
0 255 | 0 255 | 0 255 | 0 255
434 825 148 77
0 255 | 0 255 | 0 255 | 0 255
271 158 390 295
0 255 | 0 255 | 0 255 | 0 255
118 449 87 729
0 255 | 0 255 | 0 255 | 0 255
786 182 405 228
0 255 | 0 255 | 0 255 | 0 255
145 18 102 214
0 255 | 0 255 | 0 255 | 0 255
703 96 198 662
0 255 | 0 255 | 0 255 | 0 255
296 98 102 332
0 255 | 0 255 | 0 255 | 0 255
592 634 407 243
0 255 | 0 255 | 0 255 | 0 255
141 424 893 105
0 255 | 0 255 | 0 255 | 0 255
83 337 442 231
0 255 | 0 255 | 0 255 | 0 255
607 148 25 315
0 255 | 0 255 | 0 255 | 0 255
368 68 277 461
0 255 | 0 255 | 0 255 | 0 255
389 48 564 230
0 255 | 0 255 | 0 255 | 0 255
259 509 480 515
0 255 | 0 255 | 0 255 | 0 255
393 989 190 297
0 255 | 0 255 | 0 255 | 0 255
46 175 286 292
0 255 | 0 255 | 0 255 | 0 255
84 256 481 60
0 255 | 0 255 | 0 255 | 0 255
144 111 323 132
0 255 | 0 255 | 0 255 | 0 255
313 219 50 65
0 255 | 0 255 | 0 255 | 0 255
85 155 181 464
0 255 | 0 255 | 0 255 | 0 255
243 160 33 306
0 255 | 0 255 | 0 255 | 0 255
173 -1 221 611
0 255 | 0 254 | 0 255 | 0 255
200 261 440 658
0 255 | 0 255 | 0 255 | 0 255
531 635 263 287
0 255 | 0 255 | 0 255 | 0 255
173 37 317 239
0 255 | 0 255 | 0 255 | 0 255
425 813 577 515
0 255 | 0 255 | 0 255 | 0 255
78 -1 247 236
0 255 | 0 254 | 0 255 | 0 255
121 221 209 420
0 255 | 0 255 | 0 255 | 0 255
169 635 286 276
0 255 | 0 255 | 0 255 | 0 255
144 537 327 -1
0 255 | 0 255 | 0 255 | 0 254
563 576 44 128
0 255 | 0 255 | 0 255 | 0 255
126 -1 453 73
0 255 | 1 255 | 0 255 | 0 255
101 494 368 281
0 255 | 0 255 | 0 255 | 0 255
726 663 288 405
0 255 | 0 255 | 0 255 | 0 255
670 168 153 373
0 255 | 0 255 | 0 255 | 0 255
306 560 500 873
0 255 | 0 255 | 0 255 | 0 255
490 979 73 734
0 255 | 0 255 | 0 255 | 0 255
358 400 231 521
0 255 | 0 255 | 0 255 | 0 255
247 435 664 742
0 255 | 0 255 | 0 255 | 0 255
107 510 587 378
0 255 | 0 255 | 0 255 | 0 255
218 120 603 -1
0 255 | 0 255 | 0 255 | 0 254
432 125 425 76
0 255 | 0 255 | 0 255 | 0 255
47 -1 179 818
0 255 | 0 254 | 0 255 | 0 255
-1 708 354 760
1 255 | 0 255 | 0 255 | 0 255
73 -1 332 305
0 255 | 0 254 | 0 255 | 0 255
235 145 195 259
0 255 | 0 255 | 0 255 | 0 255
435 319 226 451
0 255 | 0 255 | 0 255 | 0 255
82 553 521 913
0 255 | 0 255 | 0 255 | 0 255
205 118 292 126
0 255 | 0 255 | 0 255 | 0 255
35 306 55 53
0 255 | 0 255 | 0 255 | 0 255
200 580 255 88
0 255 | 0 255 | 0 255 | 0 255
135 952 116 633
0 255 | 0 255 | 0 255 | 0 255
92 63 355 317
0 255 | 0 255 | 0 255 | 0 255
207 69 116 452
0 255 | 0 255 | 0 255 | 0 255
93 203 522 96
0 255 | 0 255 | 0 255 | 0 255
206 801 170 408
0 255 | 0 255 | 0 255 | 0 255
663 270 102 788
0 255 | 0 255 | 0 255 | 0 255
215 537 203 478
0 255 | 0 255 | 0 255 | 0 255
163 559 71 409
0 255 | 0 255 | 0 255 | 0 255
273 207 378 6
0 255 | 0 255 | 0 255 | 0 255
108 319 -1 178
0 255 | 0 255 | 0 254 | 0 255
849 496 920 181
0 255 | 0 255 | 0 255 | 0 255
165 617 626 615
0 255 | 0 255 | 0 255 | 0 255
-1 284 739 26
1 255 | 0 255 | 0 255 | 0 255
307 406 627 32
0 255 | 0 255 | 0 255 | 0 255
560 85 161 94
0 255 | 0 255 | 0 255 | 0 255
319 297 108 416
0 255 | 0 255 | 0 255 | 0 255
115 88 346 304
0 255 | 0 255 | 0 255 | 0 255
288 85 401 274
0 255 | 0 255 | 0 255 | 0 255
543 692 247 52
0 255 | 0 255 | 0 255 | 0 255
126 218 155 462
0 255 | 0 255 | 0 255 | 0 255
236 565 196 -1
0 255 | 0 255 | 0 255 | 0 254
131 287 391 210
0 255 | 0 255 | 0 255 | 0 255
894 415 854 438
0 255 | 0 255 | 0 255 | 0 255
211 524 32 732
0 255 | 0 255 | 0 255 | 0 255
105 743 205 163
0 255 | 0 255 | 0 255 | 0 255
449 987 368 205
0 255 | 0 255 | 0 255 | 0 255
515 118 485 785
0 255 | 0 255 | 0 255 | 0 255
208 553 278 427
0 255 | 0 255 | 0 255 | 0 255
227 45 962 298
0 255 | 0 255 | 0 255 | 0 255
421 350 940 171
0 255 | 0 255 | 0 255 | 0 255
42 434 697 209
0 255 | 0 255 | 0 255 | 0 255
888 90 295 575
0 255 | 0 255 | 0 255 | 0 255
143 329 386 202
0 255 | 0 255 | 0 255 | 0 255
330 333 202 467
0 255 | 0 255 | 0 255 | 0 255
321 613 132 85
0 255 | 0 255 | 0 255 | 0 255
61 -1 262 936
0 255 | 0 254 | 0 255 | 0 255
39 162 144 377
0 255 | 0 255 | 0 255 | 0 255
426 322 453 353
0 255 | 0 255 | 0 255 | 0 255
194 124 177 226
0 255 | 0 255 | 0 255 | 0 255
329 175 444 241
0 255 | 0 255 | 0 255 | 0 255
133 305 165 180
0 255 | 0 255 | 0 255 | 0 255
128 159 325 221
0 255 | 0 255 | 0 255 | 0 255
475 10 177 721
0 255 | 0 255 | 0 255 | 0 255
636 712 -1 346
0 255 | 0 255 | 1 255 | 0 255
351 147 560 -1
0 255 | 0 255 | 0 255 | 0 254
538 428 55 486
0 255 | 0 255 | 0 255 | 0 255
296 195 409 55
0 255 | 0 255 | 0 255 | 0 255
77 86 222 184
0 255 | 0 255 | 0 255 | 0 255
-1 873 273 -1
0 254 | 0 255 | 0 255 | 1 255
614 524 753 428
0 255 | 0 255 | 0 255 | 0 255
244 364 143 367
0 255 | 0 255 | 0 255 | 0 255
713 404 620 379
0 255 | 0 255 | 0 255 | 0 255
409 148 271 83
0 255 | 0 255 | 0 255 | 0 255
469 18 61 193
0 255 | 0 255 | 0 255 | 0 255
170 435 207 109
0 255 | 0 255 | 0 255 | 0 255
417 372 348 295
0 255 | 0 255 | 0 255 | 0 255
312 -1 427 997
0 255 | 1 255 | 0 255 | 0 255
211 137 302 274
0 255 | 0 255 | 0 255 | 0 255
361 197 964 403
0 255 | 0 255 | 0 255 | 0 255
81 659 82 629
0 255 | 0 255 | 0 255 | 0 255
285 241 329 174
0 255 | 0 255 | 0 255 | 0 255
59 206 601 71
0 255 | 0 255 | 0 255 | 0 255
256 143 210 253
0 255 | 0 255 | 0 255 | 0 255
590 -1 545 523
0 255 | 1 255 | 0 255 | 0 255
636 344 243 721
0 255 | 0 255 | 0 255 | 0 255
63 320 309 276
0 255 | 0 255 | 0 255 | 0 255
376 181 674 652
0 255 | 0 255 | 0 255 | 0 255
119 151 163 215
0 255 | 0 255 | 0 255 | 0 255
353 74 463 194
0 255 | 0 255 | 0 255 | 0 255
413 288 660 95
0 255 | 0 255 | 0 255 | 0 255
973 398 347 210
0 255 | 0 255 | 0 255 | 0 255
174 317 335 365
0 255 | 0 255 | 0 255 | 0 255
592 181 443 619
0 255 | 0 255 | 0 255 | 0 255
181 54 83 850
0 255 | 0 255 | 0 255 | 0 255
160 82 201 95
0 255 | 0 255 | 0 255 | 0 255
110 497 532 244
0 255 | 0 255 | 0 255 | 0 255
196 225 667 908
0 255 | 0 255 | 0 255 | 0 255
158 368 119 25
0 255 | 0 255 | 0 255 | 0 255
100 172 611 176
0 255 | 0 255 | 0 255 | 0 255
329 295 207 42
0 255 | 0 255 | 0 255 | 0 255
928 67 925 801
0 255 | 0 255 | 0 255 | 0 255
31 64 421 214
0 255 | 0 255 | 0 255 | 0 255
290 264 304 252
0 255 | 0 255 | 0 255 | 0 255
116 488 -1 391
0 255 | 0 255 | 0 254 | 0 255
448 168 -1 407
0 255 | 0 255 | 0 254 | 0 255
412 -1 570 371
0 255 | 1 255 | 0 255 | 0 255
605 183 47 131
0 255 | 0 255 | 0 255 | 0 255
600 208 478 510
0 255 | 0 255 | 0 255 | 0 255
-1 982 305 694
0 254 | 0 255 | 0 255 | 0 255
92 185 16 344
0 255 | 0 255 | 0 255 | 0 255
375 665 128 722
0 255 | 0 255 | 0 255 | 0 255
433 438 492 655
0 255 | 0 255 | 0 255 | 0 255
163 498 570 248
0 255 | 0 255 | 0 255 | 0 255
149 218 176 238
0 255 | 0 255 | 0 255 | 0 255
91 172 165 96
0 255 | 0 255 | 0 255 | 0 255
209 150 368 453
0 255 | 0 255 | 0 255 | 0 255
773 488 416 527
0 255 | 0 255 | 0 255 | 0 255
374 689 303 147
0 255 | 0 255 | 0 255 | 0 255
57 535 116 196
0 255 | 0 255 | 0 255 | 0 255
331 371 543 629
0 255 | 0 255 | 0 255 | 0 255
884 370 309 131
0 255 | 0 255 | 0 255 | 0 255
-1 578 508 158
0 254 | 0 255 | 0 255 | 0 255
740 548 783 386
0 255 | 0 255 | 0 255 | 0 255
220 168 673 491
0 255 | 0 255 | 0 255 | 0 255
172 267 158 297
0 255 | 0 255 | 0 255 | 0 255
449 460 399 772
0 255 | 0 255 | 0 255 | 0 255
309 875 627 761
0 255 | 0 255 | 0 255 | 0 255
288 963 110 261
0 255 | 0 255 | 0 255 | 0 255
380 171 884 428
0 255 | 0 255 | 0 255 | 0 255
439 206 885 42
0 255 | 0 255 | 0 255 | 0 255
536 189 543 157
0 255 | 0 255 | 0 255 | 0 255
194 379 413 934
0 255 | 0 255 | 0 255 | 0 255
516 685 487 678
0 255 | 0 255 | 0 255 | 0 255
330 521 341 199
0 255 | 0 255 | 0 255 | 0 255
95 386 717 377
0 255 | 0 255 | 0 255 | 0 255
88 440 376 299
0 255 | 0 255 | 0 255 | 0 255
139 316 151 21
0 255 | 0 255 | 0 255 | 0 255
272 336 540 96
0 255 | 0 255 | 0 255 | 0 255
481 628 141 141
0 255 | 0 255 | 0 255 | 0 255
443 685 913 260
0 255 | 0 255 | 0 255 | 0 255
390 325 312 551
0 255 | 0 255 | 0 255 | 0 255
688 -1 812 325
0 255 | 0 254 | 0 255 | 0 255
596 77 -1 145
0 255 | 0 255 | 1 255 | 0 255
-1 46 58 -1
0 254 | 0 255 | 0 255 | 1 255
19 92 182 979
0 255 | 0 255 | 0 255 | 0 255
192 233 443 255
0 255 | 0 255 | 0 255 | 0 255
192 911 679 511
0 255 | 0 255 | 0 255 | 0 255
443 575 391 413
0 255 | 0 255 | 0 255 | 0 255
148 783 925 295
0 255 | 0 255 | 0 255 | 0 255
398 310 394 338
0 255 | 0 255 | 0 255 | 0 255
287 236 342 562
0 255 | 0 255 | 0 255 | 0 255
222 501 801 438
0 255 | 0 255 | 0 255 | 0 255
218 254 228 80
0 255 | 0 255 | 0 255 | 0 255
858 474 361 307
0 255 | 0 255 | 0 255 | 0 255
543 140 -1 43
0 255 | 0 255 | 1 255 | 0 255
129 227 439 58
0 255 | 0 255 | 0 255 | 0 255
113 190 146 331
0 255 | 0 255 | 0 255 | 0 255
249 345 46 293
0 255 | 0 255 | 0 255 | 0 255
-1 312 236 170
0 254 | 0 255 | 0 255 | 0 255
358 265 172 161
0 255 | 0 255 | 0 255 | 0 255
163 195 223 361
0 255 | 0 255 | 0 255 | 0 255
642 481 935 461
0 255 | 0 255 | 0 255 | 0 255
58 448 121 301
0 255 | 0 255 | 0 255 | 0 255
400 832 544 89
0 255 | 0 255 | 0 255 | 0 255
430 359 141 95
0 255 | 0 255 | 0 255 | 0 255
611 173 256 263
0 255 | 0 255 | 0 255 | 0 255
498 940 828 356
0 255 | 0 255 | 0 255 | 0 255
143 581 314 199
0 255 | 0 255 | 0 255 | 0 255
779 543 659 187
0 255 | 0 255 | 0 255 | 0 255
442 -1 432 673
0 255 | 0 254 | 0 255 | 0 255
447 794 90 404
0 255 | 0 255 | 0 255 | 0 255
488 482 381 31
0 255 | 0 255 | 0 255 | 0 255
204 170 513 239
0 255 | 0 255 | 0 255 | 0 255
524 632 431 253
0 255 | 0 255 | 0 255 | 0 255
721 131 618 310
0 255 | 0 255 | 0 255 | 0 255
277 788 391 184
0 255 | 0 255 | 0 255 | 0 255
104 198 574 627
0 255 | 0 255 | 0 255 | 0 255
284 127 341 227
0 255 | 0 255 | 0 255 | 0 255
157 716 318 232
0 255 | 0 255 | 0 255 | 0 255
418 282 567 389
0 255 | 0 255 | 0 255 | 0 255
548 277 444 238
0 255 | 0 255 | 0 255 | 0 255
504 300 321 320
0 255 | 0 255 | 0 255 | 0 255
95 226 313 178
0 255 | 0 255 | 0 255 | 0 255
309 22 37 272
0 255 | 0 255 | 0 255 | 0 255
371 116 278 494
0 255 | 0 255 | 0 255 | 0 255
144 144 145 388
0 255 | 0 255 | 0 255 | 0 255
279 536 386 937
0 255 | 0 255 | 0 255 | 0 255
271 47 586 99
0 255 | 0 255 | 0 255 | 0 255
133 571 -1 318
0 255 | 0 255 | 1 255 | 0 255
206 78 95 248
0 255 | 0 255 | 0 255 | 0 255
130 716 102 385
0 255 | 0 255 | 0 255 | 0 255
372 117 192 725
0 255 | 0 255 | 0 255 | 0 255
299 315 392 120
0 255 | 0 255 | 0 255 | 0 255
633 704 745 169
0 255 | 0 255 | 0 255 | 0 255
406 598 302 279
0 255 | 0 255 | 0 255 | 0 255
292 141 310 251
0 255 | 0 255 | 0 255 | 0 255
520 -1 301 532
0 255 | 1 255 | 0 255 | 0 255
36 399 112 830
0 255 | 0 255 | 0 255 | 0 255
469 417 604 738
0 255 | 0 255 | 0 255 | 0 255
345 779 693 578
0 255 | 0 255 | 0 255 | 0 255
419 144 124 739
0 255 | 0 255 | 0 255 | 0 255
304 288 116 175
0 255 | 0 255 | 0 255 | 0 255
234 57 233 639
0 255 | 0 255 | 0 255 | 0 255
31 45 311 590
0 255 | 0 255 | 0 255 | 0 255
259 325 611 373
0 255 | 0 255 | 0 255 | 0 255
462 694 156 143
0 255 | 0 255 | 0 255 | 0 255
263 74 216 365
0 255 | 0 255 | 0 255 | 0 255
82 120 392 382
0 255 | 0 255 | 0 255 | 0 255
773 250 109 332
0 255 | 0 255 | 0 255 | 0 255
561 313 398 213
0 255 | 0 255 | 0 255 | 0 255
627 -1 104 537
0 255 | 1 255 | 0 255 | 0 255
124 486 867 315
0 255 | 0 255 | 0 255 | 0 255
-1 629 134 171
0 254 | 0 255 | 0 255 | 0 255
167 635 502 -1
0 255 | 0 255 | 0 255 | 0 253
81 413 210 41
0 255 | 0 255 | 0 255 | 0 255
353 118 274 247
0 255 | 0 255 | 0 255 | 0 255
488 259 172 460
0 255 | 0 255 | 0 255 | 0 255
568 256 254 484
0 255 | 0 255 | 0 255 | 0 255
199 397 216 503
0 255 | 0 255 | 0 255 | 0 255
96 172 428 394
0 255 | 0 255 | 0 255 | 0 255
397 445 722 249
0 255 | 0 255 | 0 255 | 0 255
489 -1 357 679
0 255 | 1 255 | 0 255 | 0 255
696 419 864 319
0 255 | 0 255 | 0 255 | 0 255
464 519 393 89
0 255 | 0 255 | 0 255 | 0 255
951 488 272 438
0 255 | 0 255 | 0 255 | 0 255
110 330 168 123
0 255 | 0 255 | 0 255 | 0 255
219 147 250 188
0 255 | 0 255 | 0 255 | 0 255
175 113 584 227
0 255 | 0 255 | 0 255 | 0 255
72 406 184 397
0 255 | 0 255 | 0 255 | 0 255
438 607 233 262
0 255 | 0 255 | 0 255 | 0 255
32 486 541 399
0 255 | 0 255 | 0 255 | 0 255
435 571 30 143
0 255 | 0 255 | 0 255 | 0 255
225 611 201 620
0 255 | 0 255 | 0 255 | 0 255
317 290 428 217
0 255 | 0 255 | 0 255 | 0 255
412 -1 113 126
0 255 | 0 254 | 0 255 | 0 255
336 138 59 371
0 255 | 0 255 | 0 255 | 0 255
494 389 476 187
0 255 | 0 255 | 0 255 | 0 255
52 578 394 142
0 255 | 0 255 | 0 255 | 0 255
666 369 143 215
0 255 | 0 255 | 0 255 | 0 255
381 492 360 14
0 255 | 0 255 | 0 255 | 0 255
495 175 130 188
0 255 | 0 255 | 0 255 | 0 255
170 329 237 307
0 255 | 0 255 | 0 255 | 0 255
417 544 220 46
0 255 | 0 255 | 0 255 | 0 255
187 496 52 90
0 255 | 0 255 | 0 255 | 0 255
386 976 243 137
0 255 | 0 255 | 0 255 | 0 255
259 331 -1 205
0 255 | 0 255 | 1 255 | 0 255
-1 362 328 -1
1 255 | 0 255 | 0 255 | 0 254
823 446 -1 140
0 255 | 0 255 | 1 255 | 0 255
293 889 528 363
0 255 | 0 255 | 0 255 | 0 255
824 269 566 542
0 255 | 0 255 | 0 255 | 0 255
86 551 342 7
0 255 | 0 255 | 0 255 | 0 255
57 505 274 69
0 255 | 0 255 | 0 255 | 0 255
244 498 45 214
0 255 | 0 255 | 0 255 | 0 255
154 207 593 687
0 255 | 0 255 | 0 255 | 0 255
164 32 121 335
0 255 | 0 255 | 0 255 | 0 255
808 722 32 82
0 255 | 0 255 | 0 255 | 0 255
152 802 18 151
0 255 | 0 255 | 0 255 | 0 255
515 165 100 331
0 255 | 0 255 | 0 255 | 0 255
399 196 166 300
0 255 | 0 255 | 0 255 | 0 255
392 130 367 178
0 255 | 0 255 | 0 255 | 0 255
586 468 43 454
0 255 | 0 255 | 0 255 | 0 255
894 187 530 542
0 255 | 0 255 | 0 255 | 0 255
204 702 207 478
0 255 | 0 255 | 0 255 | 0 255
96 429 116 505
0 255 | 0 255 | 0 255 | 0 255
868 507 270 214
0 255 | 0 255 | 0 255 | 0 255
568 439 252 696
0 255 | 0 255 | 0 255 | 0 255
455 244 744 303
0 255 | 0 255 | 0 255 | 0 255
9 187 102 -1
0 255 | 0 255 | 0 255 | 0 254
505 773 278 136
0 255 | 0 255 | 0 255 | 0 255
152 309 308 381
0 255 | 0 255 | 0 255 | 0 255
285 392 -1 458
0 255 | 0 255 | 0 254 | 0 255
408 277 209 253
0 255 | 0 255 | 0 255 | 0 255
198 518 444 672
0 255 | 0 255 | 0 255 | 0 255
159 271 89 233
0 255 | 0 255 | 0 255 | 0 255
282 466 820 340
0 255 | 0 255 | 0 255 | 0 255
347 152 178 80
0 255 | 0 255 | 0 255 | 0 255
77 427 115 261
0 255 | 0 255 | 0 255 | 0 255
408 55 369 143
0 255 | 0 255 | 0 255 | 0 255
337 520 241 373
0 255 | 0 255 | 0 255 | 0 255
217 397 614 341
0 255 | 0 255 | 0 255 | 0 255
490 207 -1 395
0 255 | 0 255 | 1 255 | 0 255
-1 294 -1 184
1 255 | 0 255 | 1 255 | 0 255
839 836 529 203
0 255 | 0 255 | 0 255 | 0 255
606 277 681 96
0 255 | 0 255 | 0 255 | 0 255
62 381 669 196
0 255 | 0 255 | 0 255 | 0 255
53 109 651 469
0 255 | 0 255 | 0 255 | 0 255
178 511 796 248
0 255 | 0 255 | 0 255 | 0 255
962 445 569 445
0 255 | 0 255 | 0 255 | 0 255
156 156 158 282
0 255 | 0 255 | 0 255 | 0 255
250 113 324 324
0 255 | 0 255 | 0 255 | 0 255
355 864 872 207
0 255 | 0 255 | 0 255 | 0 255
260 158 453 180
0 255 | 0 255 | 0 255 | 0 255
214 307 44 157
0 255 | 0 255 | 0 255 | 0 255
240 53 633 -1
0 255 | 0 255 | 0 255 | 0 254
-1 588 226 666
0 254 | 0 255 | 0 255 | 0 255
494 971 -1 149
0 255 | 0 255 | 0 254 | 0 255
563 372 281 173
0 255 | 0 255 | 0 255 | 0 255
341 959 54 280
0 255 | 0 255 | 0 255 | 0 255
314 121 55 239
0 255 | 0 255 | 0 255 | 0 255
140 570 176 358
0 255 | 0 255 | 0 255 | 0 255
54 231 473 495
0 255 | 0 255 | 0 255 | 0 255
-1 951 37 792
1 255 | 0 255 | 0 255 | 0 255
410 121 238 223
0 255 | 0 255 | 0 255 | 0 255
213 507 196 443
0 255 | 0 255 | 0 255 | 0 255
202 105 748 281
0 255 | 0 255 | 0 255 | 0 255
55 575 453 397
0 255 | 0 255 | 0 255 | 0 255
38 96 260 329
0 255 | 0 255 | 0 255 | 0 255
539 278 218 583
0 255 | 0 255 | 0 255 | 0 255
866 192 90 907
0 255 | 0 255 | 0 255 | 0 255
632 -1 81 97
0 255 | 0 254 | 0 255 | 0 255
71 484 432 363
0 255 | 0 255 | 0 255 | 0 255
230 125 88 197
0 255 | 0 255 | 0 255 | 0 255
135 313 228 835
0 255 | 0 255 | 0 255 | 0 255
854 137 118 518
0 255 | 0 255 | 0 255 | 0 255
355 183 652 836
0 255 | 0 255 | 0 255 | 0 255
221 473 32 379
0 255 | 0 255 | 0 255 | 0 255
538 159 826 293
0 255 | 0 255 | 0 255 | 0 255
125 133 334 365
0 255 | 0 255 | 0 255 | 0 255
321 362 344 156
0 255 | 0 255 | 0 255 | 0 255
309 156 180 80
0 255 | 0 255 | 0 255 | 0 255
175 720 22 313
0 255 | 0 255 | 0 255 | 0 255
396 300 315 219
0 255 | 0 255 | 0 255 | 0 255
612 221 97 111
0 255 | 0 255 | 0 255 | 0 255
373 134 86 348
0 255 | 0 255 | 0 255 | 0 255
696 477 435 327
0 255 | 0 255 | 0 255 | 0 255
263 563 6 314
0 255 | 0 255 | 0 255 | 0 255
785 371 -1 192
0 255 | 0 255 | 0 253 | 0 255
349 20 717 371
0 255 | 0 255 | 0 255 | 0 255
171 635 337 344
0 255 | 0 255 | 0 255 | 0 255
509 887 752 414
0 255 | 0 255 | 0 255 | 0 255
130 198 643 88
0 255 | 0 255 | 0 255 | 0 255
81 406 915 159
0 255 | 0 255 | 0 255 | 0 255
467 786 400 495
0 255 | 0 255 | 0 255 | 0 255
825 -1 398 369
0 255 | 0 254 | 0 255 | 0 255
674 230 373 136
0 255 | 0 255 | 0 255 | 0 255
161 629 572 393
0 255 | 0 255 | 0 255 | 0 255
321 123 680 159
0 255 | 0 255 | 0 255 | 0 255
84 257 236 484
0 255 | 0 255 | 0 255 | 0 255
89 305 182 381
0 255 | 0 255 | 0 255 | 0 255
349 223 389 297
0 255 | 0 255 | 0 255 | 0 255
249 491 102 659
0 255 | 0 255 | 0 255 | 0 255
191 569 565 374
0 255 | 0 255 | 0 255 | 0 255
359 99 245 491
0 255 | 0 255 | 0 255 | 0 255
362 168 709 761
0 255 | 0 255 | 0 255 | 0 255
333 642 111 788
0 255 | 0 255 | 0 255 | 0 255
54 190 172 217
0 255 | 0 255 | 0 255 | 0 255
110 565 892 371
0 255 | 0 255 | 0 255 | 0 255
85 98 467 644
0 255 | 0 255 | 0 255 | 0 255
106 70 351 62
0 255 | 0 255 | 0 255 | 0 255
209 294 708 295
0 255 | 0 255 | 0 255 | 0 255
322 -1 568 348
0 255 | 0 254 | 0 255 | 0 255
449 176 33 121
0 255 | 0 255 | 0 255 | 0 255
637 95 158 506
0 255 | 0 255 | 0 255 | 0 255
280 942 -1 287
0 255 | 0 255 | 1 255 | 0 255
55 681 816 32
0 255 | 0 255 | 0 255 | 0 255
-1 500 305 629
1 255 | 0 255 | 0 255 | 0 255
26 578 148 463
0 255 | 0 255 | 0 255 | 0 255
263 601 149 436
0 255 | 0 255 | 0 255 | 0 255
205 368 171 58
0 255 | 0 255 | 0 255 | 0 255
559 183 498 254
0 255 | 0 255 | 0 255 | 0 255
196 752 123 287
0 255 | 0 255 | 0 255 | 0 255
166 216 188 445
0 255 | 0 255 | 0 255 | 0 255
231 421 499 190
0 255 | 0 255 | 0 255 | 0 255
576 261 499 435
0 255 | 0 255 | 0 255 | 0 255
437 457 255 587
0 255 | 0 255 | 0 255 | 0 255
338 -1 311 34
0 255 | 1 255 | 0 255 | 0 255
154 375 180 59
0 255 | 0 255 | 0 255 | 0 255
289 229 577 225
0 255 | 0 255 | 0 255 | 0 255
111 120 158 -1
0 255 | 0 255 | 0 255 | 0 254
486 443 -1 98
0 255 | 0 255 | 1 255 | 0 255
150 709 565 180
0 255 | 0 255 | 0 255 | 0 255
141 423 516 282
0 255 | 0 255 | 0 255 | 0 255
811 301 796 349
0 255 | 0 255 | 0 255 | 0 255
781 129 883 191
0 255 | 0 255 | 0 255 | 0 255
176 167 372 420
0 255 | 0 255 | 0 255 | 0 255
314 119 857 299
0 255 | 0 255 | 0 255 | 0 255
479 205 960 -1
0 255 | 0 255 | 0 255 | 1 255
147 160 497 530
0 255 | 0 255 | 0 255 | 0 255
161 665 143 40
0 255 | 0 255 | 0 255 | 0 255
479 324 393 224
0 255 | 0 255 | 0 255 | 0 255
137 183 825 744
0 255 | 0 255 | 0 255 | 0 255
250 262 259 455
0 255 | 0 255 | 0 255 | 0 255
235 309 305 967
0 255 | 0 255 | 0 255 | 0 255
395 109 186 59
0 255 | 0 255 | 0 255 | 0 255
232 665 699 488
0 255 | 0 255 | 0 255 | 0 255
236 175 296 318
0 255 | 0 255 | 0 255 | 0 255
217 289 420 97
0 255 | 0 255 | 0 255 | 0 255
510 930 66 775
0 255 | 0 255 | 0 255 | 0 255
301 160 357 316
0 255 | 0 255 | 0 255 | 0 255
303 465 193 664
0 255 | 0 255 | 0 255 | 0 255
419 240 60 91
0 255 | 0 255 | 0 255 | 0 255
561 262 687 347
0 255 | 0 255 | 0 255 | 0 255
306 596 965 980
0 255 | 0 255 | 0 255 | 0 255
450 -1 337 348
0 255 | 0 254 | 0 255 | 0 255
126 103 20 131
0 255 | 0 255 | 0 255 | 0 255
441 64 222 468
0 255 | 0 255 | 0 255 | 0 255
237 862 205 135
0 255 | 0 255 | 0 255 | 0 255
643 709 103 342
0 255 | 0 255 | 0 255 | 0 255
328 416 -1 199
0 255 | 0 255 | 1 255 | 0 255
435 362 144 267
0 255 | 0 255 | 0 255 | 0 255
372 278 -1 99
0 255 | 0 255 | 0 254 | 0 255
453 166 297 262
0 255 | 0 255 | 0 255 | 0 255
131 323 39 842
0 255 | 0 255 | 0 255 | 0 255
321 525 607 819
0 255 | 0 255 | 0 255 | 0 255
328 759 577 168
0 255 | 0 255 | 0 255 | 0 255
103 228 458 209
0 255 | 0 255 | 0 255 | 0 255
408 550 143 131
0 255 | 0 255 | 0 255 | 0 255
249 288 109 127
0 255 | 0 255 | 0 255 | 0 255
582 930 104 231
0 255 | 0 255 | 0 255 | 0 255
235 339 602 814
0 255 | 0 255 | 0 255 | 0 255
105 288 39 387
0 255 | 0 255 | 0 255 | 0 255
577 798 221 589
0 255 | 0 255 | 0 255 | 0 255
219 308 620 103
0 255 | 0 255 | 0 255 | 0 255
545 468 316 150
0 255 | 0 255 | 0 255 | 0 255
495 202 535 228
0 255 | 0 255 | 0 255 | 0 255
593 24 284 672
0 255 | 0 255 | 0 255 | 0 255
459 588 124 724
0 255 | 0 255 | 0 255 | 0 255
217 151 565 349
0 255 | 0 255 | 0 255 | 0 255
77 481 113 193
0 255 | 0 255 | 0 255 | 0 255
223 203 600 876
0 255 | 0 255 | 0 255 | 0 255
92 31 729 303
0 255 | 0 255 | 0 255 | 0 255
531 -1 798 324
0 255 | 0 254 | 0 255 | 0 255
395 46 364 268
0 255 | 0 255 | 0 255 | 0 255
257 -1 451 288
0 255 | 0 254 | 0 255 | 0 255
241 166 570 373
0 255 | 0 255 | 0 255 | 0 255
653 119 535 170
0 255 | 0 255 | 0 255 | 0 255
173 397 242 -1
0 255 | 0 255 | 0 255 | 0 254
151 335 375 295
0 255 | 0 255 | 0 255 | 0 255
75 442 135 349
0 255 | 0 255 | 0 255 | 0 255
350 521 326 110
0 255 | 0 255 | 0 255 | 0 255
336 959 932 589
0 255 | 0 255 | 0 255 | 0 255
-1 425 -1 79
1 255 | 0 255 | 1 255 | 0 255
372 65 247 167
0 255 | 0 255 | 0 255 | 0 255
454 129 -1 78
0 255 | 0 255 | 0 254 | 0 255
756 -1 218 292
0 255 | 1 255 | 0 255 | 0 255
271 274 513 200
0 255 | 0 255 | 0 255 | 0 255
551 322 331 340
0 255 | 0 255 | 0 255 | 0 255
79 502 394 62
0 255 | 0 255 | 0 255 | 0 255
73 600 518 804
0 255 | 0 255 | 0 255 | 0 255
282 222 313 421
0 255 | 0 255 | 0 255 | 0 255
112 337 321 384
0 255 | 0 255 | 0 255 | 0 255
165 104 403 147
0 255 | 0 255 | 0 255 | 0 255
228 307 82 369
0 255 | 0 255 | 0 255 | 0 255
347 205 334 487
0 255 | 0 255 | 0 255 | 0 255
418 580 426 408
0 255 | 0 255 | 0 255 | 0 255
422 405 669 126
0 255 | 0 255 | 0 255 | 0 255
261 398 24 597
0 255 | 0 255 | 0 255 | 0 255
233 413 80 192
0 255 | 0 255 | 0 255 | 0 255
266 260 374 84
0 255 | 0 255 | 0 255 | 0 255
716 454 266 178
0 255 | 0 255 | 0 255 | 0 255
163 500 896 102
0 255 | 0 255 | 0 255 | 0 255
321 391 748 663
0 255 | 0 255 | 0 255 | 0 255
133 111 413 135
0 255 | 0 255 | 0 255 | 0 255
229 44 473 271
0 255 | 0 255 | 0 255 | 0 255
164 357 220 880
0 255 | 0 255 | 0 255 | 0 255
-1 723 485 385
1 255 | 0 255 | 0 255 | 0 255
155 171 89 382
0 255 | 0 255 | 0 255 | 0 255
160 272 200 95
0 255 | 0 255 | 0 255 | 0 255
632 234 848 86
0 255 | 0 255 | 0 255 | 0 255
104 406 181 341
0 255 | 0 255 | 0 255 | 0 255
422 288 452 384
0 255 | 0 255 | 0 255 | 0 255
137 37 333 238
0 255 | 0 255 | 0 255 | 0 255
510 911 74 746
0 255 | 0 255 | 0 255 | 0 255
289 52 183 155
0 255 | 0 255 | 0 255 | 0 255
310 282 81 146
0 255 | 0 255 | 0 255 | 0 255
184 503 190 45
0 255 | 0 255 | 0 255 | 0 255
384 155 288 343
0 255 | 0 255 | 0 255 | 0 255
172 66 71 106
0 255 | 0 255 | 0 255 | 0 255
269 585 112 633
0 255 | 0 255 | 0 255 | 0 255
479 -1 295 167
0 255 | 1 255 | 0 255 | 0 255
422 279 188 952
0 255 | 0 255 | 0 255 | 0 255
317 416 792 414
0 255 | 0 255 | 0 255 | 0 255
250 163 59 235
0 255 | 0 255 | 0 255 | 0 255
132 286 73 512
0 255 | 0 255 | 0 255 | 0 255
756 930 175 844
0 255 | 0 255 | 0 255 | 0 255
219 93 168 149
0 255 | 0 255 | 0 255 | 0 255
230 542 638 354
0 255 | 0 255 | 0 255 | 0 255
69 433 458 144
0 255 | 0 255 | 0 255 | 0 255
200 617 166 107
0 255 | 0 255 | 0 255 | 0 255
-1 623 84 191
1 255 | 0 255 | 0 255 | 0 255
150 491 398 188
0 255 | 0 255 | 0 255 | 0 255
761 583 202 407
0 255 | 0 255 | 0 255 | 0 255
642 207 194 425
0 255 | 0 255 | 0 255 | 0 255
302 313 196 134
0 255 | 0 255 | 0 255 | 0 255
185 525 799 -1
0 255 | 0 255 | 0 255 | 1 255
488 532 316 140
0 255 | 0 255 | 0 255 | 0 255
218 -1 165 153
0 255 | 0 254 | 0 255 | 0 255
153 570 416 727
0 255 | 0 255 | 0 255 | 0 255
909 484 124 214
0 255 | 0 255 | 0 255 | 0 255
959 85 711 323
0 255 | 0 255 | 0 255 | 0 255
792 388 300 375
0 255 | 0 255 | 0 255 | 0 255
512 168 224 248
0 255 | 0 255 | 0 255 | 0 255
122 175 508 267
0 255 | 0 255 | 0 255 | 0 255
396 52 470 507
0 255 | 0 255 | 0 255 | 0 255
260 385 205 132
0 255 | 0 255 | 0 255 | 0 255
179 66 510 139
0 255 | 0 255 | 0 255 | 0 255
67 -1 53 98
0 255 | 0 254 | 0 255 | 0 255
753 355 44 140
0 255 | 0 255 | 0 255 | 0 255
651 216 51 141
0 255 | 0 255 | 0 255 | 0 255
96 467 532 61
0 255 | 0 255 | 0 255 | 0 255
299 575 184 151
0 255 | 0 255 | 0 255 | 0 255
62 48 366 893
0 255 | 0 255 | 0 255 | 0 255
339 434 446 184
0 255 | 0 255 | 0 255 | 0 255
371 627 150 230
0 255 | 0 255 | 0 255 | 0 255
397 521 146 430
0 255 | 0 255 | 0 255 | 0 255
289 313 227 278
0 255 | 0 255 | 0 255 | 0 255
206 819 242 983
0 255 | 0 255 | 0 255 | 0 255
697 86 163 264
0 255 | 0 255 | 0 255 | 0 255
88 393 87 351
0 255 | 0 255 | 0 255 | 0 255
131 472 572 613
0 255 | 0 255 | 0 255 | 0 255
936 117 598 45
0 255 | 0 255 | 0 255 | 0 255
-1 724 687 361
1 255 | 0 255 | 0 255 | 0 255
262 186 266 108
0 255 | 0 255 | 0 255 | 0 255
585 399 152 281
0 255 | 0 255 | 0 255 | 0 255
596 557 692 99
0 255 | 0 255 | 0 255 | 0 255
96 346 424 224
0 255 | 0 255 | 0 255 | 0 255
71 122 193 419
0 255 | 0 255 | 0 255 | 0 255
107 67 773 455
0 255 | 0 255 | 0 255 | 0 255
444 176 155 551
0 255 | 0 255 | 0 255 | 0 255
149 -1 374 152
0 255 | 1 255 | 0 255 | 0 255
423 353 620 518
0 255 | 0 255 | 0 255 | 0 255
594 264 -1 450
0 255 | 0 255 | 1 255 | 0 255
111 455 128 63
0 255 | 0 255 | 0 255 | 0 255
502 173 328 632
0 255 | 0 255 | 0 255 | 0 255
836 153 208 797
0 255 | 0 255 | 0 255 | 0 255
442 576 435 773
0 255 | 0 255 | 0 255 | 0 255
307 893 264 390
0 255 | 0 255 | 0 255 | 0 255
251 139 720 873
0 255 | 0 255 | 0 255 | 0 255
205 738 734 171
0 255 | 0 255 | 0 255 | 0 255
91 338 928 78
0 255 | 0 255 | 0 255 | 0 255
525 -1 176 313
0 255 | 1 255 | 0 255 | 0 255
48 308 148 461
0 255 | 0 255 | 0 255 | 0 255
124 -1 315 198
0 255 | 0 254 | 0 255 | 0 255
181 172 447 465
0 255 | 0 255 | 0 255 | 0 255
10 101 231 198
0 255 | 0 255 | 0 255 | 0 255
818 998 202 88
0 255 | 0 255 | 0 255 | 0 255
30 618 187 637
0 255 | 0 255 | 0 255 | 0 255
211 736 526 56
0 255 | 0 255 | 0 255 | 0 255
407 86 156 171
0 255 | 0 255 | 0 255 | 0 255
757 270 385 70
0 255 | 0 255 | 0 255 | 0 255
18 262 402 568
0 255 | 0 255 | 0 255 | 0 255
212 882 -1 -1
0 255 | 0 255 | 0 254 | 1 255
477 357 -1 531
0 255 | 0 255 | 1 255 | 0 255
-1 161 562 79
0 254 | 0 255 | 0 255 | 0 255
-1 573 882 -1
0 254 | 0 255 | 0 255 | 0 254
87 198 218 146
0 255 | 0 255 | 0 255 | 0 255
233 199 592 268
0 255 | 0 255 | 0 255 | 0 255
132 366 -1 815
0 255 | 0 255 | 0 254 | 0 255
433 351 798 590
0 255 | 0 255 | 0 255 | 0 255
785 381 133 55
0 255 | 0 255 | 0 255 | 0 255
406 198 165 23
0 255 | 0 255 | 0 255 | 0 255
202 667 413 351
0 255 | 0 255 | 0 255 | 0 255
560 -1 434 623
0 255 | 0 254 | 0 255 | 0 255
102 424 502 151
0 255 | 0 255 | 0 255 | 0 255
549 100 640 15
0 255 | 0 255 | 0 255 | 0 255
752 305 596 467
0 255 | 0 255 | 0 255 | 0 255
505 63 470 139
0 255 | 0 255 | 0 255 | 0 255
180 213 311 885
0 255 | 0 255 | 0 255 | 0 255
347 705 180 367
0 255 | 0 255 | 0 255 | 0 255
84 840 318 222
0 255 | 0 255 | 0 255 | 0 255
658 724 69 418
0 255 | 0 255 | 0 255 | 0 255
304 212 630 206
0 255 | 0 255 | 0 255 | 0 255
359 237 485 353
0 255 | 0 255 | 0 255 | 0 255
262 359 454 301
0 255 | 0 255 | 0 255 | 0 255
29 153 410 173
0 255 | 0 255 | 0 255 | 0 255
-1 48 -1 264
1 255 | 0 255 | 1 255 | 0 255
27 298 82 584
0 255 | 0 255 | 0 255 | 0 255
540 215 140 726
0 255 | 0 255 | 0 255 | 0 255
283 899 272 413
0 255 | 0 255 | 0 255 | 0 255
692 217 291 134
0 255 | 0 255 | 0 255 | 0 255
419 468 209 68
0 255 | 0 255 | 0 255 | 0 255
920 562 618 406
0 255 | 0 255 | 0 255 | 0 255
431 224 347 688
0 255 | 0 255 | 0 255 | 0 255
228 399 198 -1
0 255 | 0 255 | 0 255 | 0 254
251 198 274 162
0 255 | 0 255 | 0 255 | 0 255
42 101 233 240
0 255 | 0 255 | 0 255 | 0 255
234 476 551 -1
0 255 | 0 255 | 0 255 | 0 254
540 278 553 23
0 255 | 0 255 | 0 255 | 0 255
416 336 697 312
0 255 | 0 255 | 0 255 | 0 255
-1 372 311 225
0 254 | 0 255 | 0 255 | 0 255
402 93 776 270
0 255 | 0 255 | 0 255 | 0 255
300 310 939 436
0 255 | 0 255 | 0 255 | 0 255
248 808 472 -1
0 255 | 0 255 | 0 255 | 0 254
621 170 41 301
0 255 | 0 255 | 0 255 | 0 255
762 321 438 -1
0 255 | 0 255 | 0 255 | 1 255
122 325 255 182
0 255 | 0 255 | 0 255 | 0 255
60 666 296 385
0 255 | 0 255 | 0 255 | 0 255
92 545 -1 229
0 255 | 0 255 | 1 255 | 0 255
445 788 -1 285
0 255 | 0 255 | 1 255 | 0 255
44 273 419 373
0 255 | 0 255 | 0 255 | 0 255
716 310 321 214
0 255 | 0 255 | 0 255 | 0 255
181 604 918 205
0 255 | 0 255 | 0 255 | 0 255
562 707 722 299
0 255 | 0 255 | 0 255 | 0 255
374 134 474 150
0 255 | 0 255 | 0 255 | 0 255
383 336 196 82
0 255 | 0 255 | 0 255 | 0 255
570 314 345 551
0 255 | 0 255 | 0 255 | 0 255
361 244 170 240
0 255 | 0 255 | 0 255 | 0 255
166 737 200 44
0 255 | 0 255 | 0 255 | 0 255
336 619 633 336
0 255 | 0 255 | 0 255 | 0 255
438 355 127 398
0 255 | 0 255 | 0 255 | 0 255
170 373 410 504
0 255 | 0 255 | 0 255 | 0 255
360 157 739 359
0 255 | 0 255 | 0 255 | 0 255
481 387 902 291
0 255 | 0 255 | 0 255 | 0 255
770 147 677 -1
0 255 | 0 255 | 0 255 | 1 255
701 327 206 544
0 255 | 0 255 | 0 255 | 0 255
273 183 -1 299
0 255 | 0 255 | 1 255 | 0 255
252 866 -1 705
0 255 | 0 255 | 1 255 | 0 255
179 134 567 249
0 255 | 0 255 | 0 255 | 0 255
499 230 264 620
0 255 | 0 255 | 0 255 | 0 255
450 485 72 105
0 255 | 0 255 | 0 255 | 0 255
198 744 649 590
0 255 | 0 255 | 0 255 | 0 255
661 701 -1 550
0 255 | 0 255 | 1 255 | 0 255
286 715 125 686
0 255 | 0 255 | 0 255 | 0 255
55 484 615 60
0 255 | 0 255 | 0 255 | 0 255
462 224 373 172
0 255 | 0 255 | 0 255 | 0 255
129 774 393 210
0 255 | 0 255 | 0 255 | 0 255
674 337 194 663
0 255 | 0 255 | 0 255 | 0 255
296 932 563 172
0 255 | 0 255 | 0 255 | 0 255
15 -1 104 110
0 255 | 1 255 | 0 255 | 0 255
77 379 160 615
0 255 | 0 255 | 0 255 | 0 255
231 30 -1 450
0 255 | 0 255 | 1 255 | 0 255
711 124 58 187
0 255 | 0 255 | 0 255 | 0 255
69 967 350 307
0 255 | 0 255 | 0 255 | 0 255
486 219 66 296
0 255 | 0 255 | 0 255 | 0 255
416 887 176 242
0 255 | 0 255 | 0 255 | 0 255
562 346 9 530
0 255 | 0 255 | 0 255 | 0 255
122 -1 61 558
0 255 | 0 254 | 0 255 | 0 255
345 956 265 349
0 255 | 0 255 | 0 255 | 0 255
165 643 438 379
0 255 | 0 255 | 0 255 | 0 255
319 593 134 380
0 255 | 0 255 | 0 255 | 0 255
618 800 295 326
0 255 | 0 255 | 0 255 | 0 255
-1 119 387 807
1 255 | 0 255 | 0 255 | 0 255
245 475 420 552
0 255 | 0 255 | 0 255 | 0 255
369 251 122 98
0 255 | 0 255 | 0 255 | 0 255
51 182 729 -1
0 255 | 0 255 | 0 255 | 1 255
167 228 392 981
0 255 | 0 255 | 0 255 | 0 255
229 -1 500 404
0 255 | 0 254 | 0 255 | 0 255
566 523 220 349
0 255 | 0 255 | 0 255 | 0 255
621 228 433 270
0 255 | 0 255 | 0 255 | 0 255
241 683 601 805
0 255 | 0 255 | 0 255 | 0 255
738 -1 140 62
0 255 | 1 255 | 0 255 | 0 255
112 301 357 -1
0 255 | 0 255 | 0 255 | 0 254
16 89 98 459
0 255 | 0 255 | 0 255 | 0 255
92 384 302 -1
0 255 | 0 255 | 0 255 | 0 254
115 343 13 676
0 255 | 0 255 | 0 255 | 0 255
208 564 368 288
0 255 | 0 255 | 0 255 | 0 255
52 127 60 883
0 255 | 0 255 | 0 255 | 0 255
292 515 537 587
0 255 | 0 255 | 0 255 | 0 255
-1 53 196 75
0 254 | 0 255 | 0 255 | 0 255
265 162 673 33
0 255 | 0 255 | 0 255 | 0 255
274 544 282 279
0 255 | 0 255 | 0 255 | 0 255
341 638 314 289
0 255 | 0 255 | 0 255 | 0 255
-1 480 195 621
0 254 | 0 255 | 0 255 | 0 255
579 125 337 404
0 255 | 0 255 | 0 255 | 0 255
170 367 613 186
0 255 | 0 255 | 0 255 | 0 255
584 487 367 142
0 255 | 0 255 | 0 255 | 0 255
76 144 172 496
0 255 | 0 255 | 0 255 | 0 255
162 542 134 397
0 255 | 0 255 | 0 255 | 0 255
179 -1 681 403
0 255 | 0 254 | 0 255 | 0 255
384 953 311 333
0 255 | 0 255 | 0 255 | 0 255
225 233 136 657
0 255 | 0 255 | 0 255 | 0 255
110 965 302 310
0 255 | 0 255 | 0 255 | 0 255
380 58 -1 298
0 255 | 0 255 | 0 254 | 0 255
303 198 57 299
0 255 | 0 255 | 0 255 | 0 255
107 396 199 236
0 255 | 0 255 | 0 255 | 0 255
602 261 174 193
0 255 | 0 255 | 0 255 | 0 255
-1 375 345 902
0 254 | 0 255 | 0 255 | 0 255
421 599 552 416
0 255 | 0 255 | 0 255 | 0 255
91 324 113 206
0 255 | 0 255 | 0 255 | 0 255
465 288 -1 126
0 255 | 0 255 | 0 254 | 0 255
586 137 353 192
0 255 | 0 255 | 0 255 | 0 255
353 137 200 89
0 255 | 0 255 | 0 255 | 0 255
118 300 495 927
0 255 | 0 255 | 0 255 | 0 255
140 193 65 177
0 255 | 0 255 | 0 255 | 0 255
197 820 925 47
0 255 | 0 255 | 0 255 | 0 255
273 314 149 495
0 255 | 0 255 | 0 255 | 0 255
243 360 588 616
0 255 | 0 255 | 0 255 | 0 255
400 290 157 -1
0 255 | 0 255 | 0 255 | 0 254
320 67 168 172
0 255 | 0 255 | 0 255 | 0 255
155 187 191 500
0 255 | 0 255 | 0 255 | 0 255
285 229 526 686
0 255 | 0 255 | 0 255 | 0 255
251 583 64 459
0 255 | 0 255 | 0 255 | 0 255
173 622 108 179
0 255 | 0 255 | 0 255 | 0 255
150 234 253 763
0 255 | 0 255 | 0 255 | 0 255
330 307 700 130
0 255 | 0 255 | 0 255 | 0 255
480 128 506 840
0 255 | 0 255 | 0 255 | 0 255
242 160 231 804
0 255 | 0 255 | 0 255 | 0 255
197 162 299 251
0 255 | 0 255 | 0 255 | 0 255
243 -1 435 325
0 255 | 1 255 | 0 255 | 0 255
172 219 216 309
0 255 | 0 255 | 0 255 | 0 255
627 260 -1 428
0 255 | 0 255 | 1 255 | 0 255
104 869 297 692
0 255 | 0 255 | 0 255 | 0 255
291 -1 370 33
0 255 | 1 255 | 0 255 | 0 255
678 187 254 302
0 255 | 0 255 | 0 255 | 0 255
385 543 198 188
0 255 | 0 255 | 0 255 | 0 255
287 150 257 109
0 255 | 0 255 | 0 255 | 0 255
335 276 403 218
0 255 | 0 255 | 0 255 | 0 255
727 346 619 205
0 255 | 0 255 | 0 255 | 0 255
622 282 355 644
0 255 | 0 255 | 0 255 | 0 255
355 158 560 543
0 255 | 0 255 | 0 255 | 0 255
374 694 243 719
0 255 | 0 255 | 0 255 | 0 255
379 221 579 194
0 255 | 0 255 | 0 255 | 0 255
532 343 465 971
0 255 | 0 255 | 0 255 | 0 255
308 177 176 432
0 255 | 0 255 | 0 255 | 0 255
530 43 357 761
0 255 | 0 255 | 0 255 | 0 255
342 19 731 414
0 255 | 0 255 | 0 255 | 0 255
368 90 637 800
0 255 | 0 255 | 0 255 | 0 255
-1 260 212 43
0 254 | 0 255 | 0 255 | 0 255
433 169 219 204
0 255 | 0 255 | 0 255 | 0 255
418 268 440 -1
0 255 | 0 255 | 0 255 | 1 255
790 287 301 135
0 255 | 0 255 | 0 255 | 0 255
169 96 385 616
0 255 | 0 255 | 0 255 | 0 255
58 35 142 368
0 255 | 0 255 | 0 255 | 0 255
942 168 -1 352
0 255 | 0 255 | 0 254 | 0 255
556 476 499 804
0 255 | 0 255 | 0 255 | 0 255
713 586 127 383
0 255 | 0 255 | 0 255 | 0 255
785 312 132 53
0 255 | 0 255 | 0 255 | 0 255
914 222 677 146
0 255 | 0 255 | 0 255 | 0 255
765 105 197 521
0 255 | 0 255 | 0 255 | 0 255
249 313 64 398
0 255 | 0 255 | 0 255 | 0 255
109 133 124 326
0 255 | 0 255 | 0 255 | 0 255
318 96 37 472
0 255 | 0 255 | 0 255 | 0 255
138 416 548 235
0 255 | 0 255 | 0 255 | 0 255
185 -1 49 877
0 255 | 1 255 | 0 255 | 0 255
139 410 -1 76
0 255 | 0 255 | 1 255 | 0 255
628 533 321 389
0 255 | 0 255 | 0 255 | 0 255
717 355 399 365
0 255 | 0 255 | 0 255 | 0 255
206 380 158 555
0 255 | 0 255 | 0 255 | 0 255
109 317 281 101
0 255 | 0 255 | 0 255 | 0 255
350 506 77 406
0 255 | 0 255 | 0 255 | 0 255
-1 542 64 667
0 254 | 0 255 | 0 255 | 0 255
13 611 254 103
0 255 | 0 255 | 0 255 | 0 255
644 563 385 189
0 255 | 0 255 | 0 255 | 0 255
256 -1 199 99
0 255 | 1 255 | 0 255 | 0 255
325 93 -1 223
0 255 | 0 255 | 0 254 | 0 255
221 541 496 205
0 255 | 0 255 | 0 255 | 0 255
156 321 377 -1
0 255 | 0 255 | 0 255 | 1 255
256 518 747 413
0 255 | 0 255 | 0 255 | 0 255
292 -1 248 592
0 255 | 0 254 | 0 255 | 0 255
764 342 467 443
0 255 | 0 255 | 0 255 | 0 255
337 439 186 331
0 255 | 0 255 | 0 255 | 0 255
147 491 632 -1
0 255 | 0 255 | 0 255 | 1 255
93 916 564 188
0 255 | 0 255 | 0 255 | 0 255
132 570 445 613
0 255 | 0 255 | 0 255 | 0 255
175 238 59 657
0 255 | 0 255 | 0 255 | 0 255
313 234 387 104
0 255 | 0 255 | 0 255 | 0 255
596 77 326 342
0 255 | 0 255 | 0 255 | 0 255
835 621 340 107
0 255 | 0 255 | 0 255 | 0 255
631 663 228 473
0 255 | 0 255 | 0 255 | 0 255
145 238 505 658
0 255 | 0 255 | 0 255 | 0 255
231 503 345 62
0 255 | 0 255 | 0 255 | 0 255
284 434 647 361
0 255 | 0 255 | 0 255 | 0 255
171 37 360 52
0 255 | 0 255 | 0 255 | 0 255
175 359 167 376
0 255 | 0 255 | 0 255 | 0 255
117 294 298 102
0 255 | 0 255 | 0 255 | 0 255
451 92 233 271
0 255 | 0 255 | 0 255 | 0 255
119 466 176 624
0 255 | 0 255 | 0 255 | 0 255
-1 459 868 584
1 255 | 0 255 | 0 255 | 0 255
515 353 245 326
0 255 | 0 255 | 0 255 | 0 255
348 326 315 331
0 255 | 0 255 | 0 255 | 0 255
346 16 414 50
0 255 | 0 255 | 0 255 | 0 255
535 392 438 142
0 255 | 0 255 | 0 255 | 0 255
183 454 671 -1
0 255 | 0 255 | 0 255 | 0 253
17 405 650 466
0 255 | 0 255 | 0 255 | 0 255
223 691 496 179
0 255 | 0 255 | 0 255 | 0 255
32 433 489 325
0 255 | 0 255 | 0 255 | 0 255
230 236 409 257
0 255 | 0 255 | 0 255 | 0 255
429 81 173 404
0 255 | 0 255 | 0 255 | 0 255
173 358 374 715
0 255 | 0 255 | 0 255 | 0 255
102 417 289 297
0 255 | 0 255 | 0 255 | 0 255
362 389 352 351
0 255 | 0 255 | 0 255 | 0 255
91 353 393 25
0 255 | 0 255 | 0 255 | 0 255
167 341 345 309
0 255 | 0 255 | 0 255 | 0 255
324 198 439 316
0 255 | 0 255 | 0 255 | 0 255
629 451 209 136
0 255 | 0 255 | 0 255 | 0 255
872 691 484 80
0 255 | 0 255 | 0 255 | 0 255
621 131 640 717
0 255 | 0 255 | 0 255 | 0 255
242 747 76 666
0 255 | 0 255 | 0 255 | 0 255
159 165 93 157
0 255 | 0 255 | 0 255 | 0 255
418 50 172 115
0 255 | 0 255 | 0 255 | 0 255
400 554 229 265
0 255 | 0 255 | 0 255 | 0 255
302 464 404 380
0 255 | 0 255 | 0 255 | 0 255
232 366 198 681
0 255 | 0 255 | 0 255 | 0 255
134 348 280 566
0 255 | 0 255 | 0 255 | 0 255
-1 334 359 456
0 254 | 0 255 | 0 255 | 0 255
186 327 311 448
0 255 | 0 255 | 0 255 | 0 255
96 291 892 169
0 255 | 0 255 | 0 255 | 0 255
-1 51 481 83
0 254 | 0 255 | 0 255 | 0 255
164 412 97 466
0 255 | 0 255 | 0 255 | 0 255
84 203 787 105
0 255 | 0 255 | 0 255 | 0 255
302 136 52 254
0 255 | 0 255 | 0 255 | 0 255
156 61 49 105
0 255 | 0 255 | 0 255 | 0 255
208 544 298 198
0 255 | 0 255 | 0 255 | 0 255
306 421 28 303
0 255 | 0 255 | 0 255 | 0 255
249 249 56 835
0 255 | 0 255 | 0 255 | 0 255
730 46 682 606
0 255 | 0 255 | 0 255 | 0 255
-1 672 355 443
1 255 | 0 255 | 0 255 | 0 255
67 392 954 331
0 255 | 0 255 | 0 255 | 0 255
70 245 140 84
0 255 | 0 255 | 0 255 | 0 255
-1 -1 245 395
1 255 | 1 255 | 0 255 | 0 255
588 308 168 91
0 255 | 0 255 | 0 255 | 0 255
551 626 78 318
0 255 | 0 255 | 0 255 | 0 255
363 390 576 973
0 255 | 0 255 | 0 255 | 0 255
639 300 382 458
0 255 | 0 255 | 0 255 | 0 255
159 285 273 170
0 255 | 0 255 | 0 255 | 0 255
790 60 116 629
0 255 | 0 255 | 0 255 | 0 255
920 369 623 561
0 255 | 0 255 | 0 255 | 0 255
400 389 118 144
0 255 | 0 255 | 0 255 | 0 255
601 173 354 154
0 255 | 0 255 | 0 255 | 0 255
377 650 129 257
0 255 | 0 255 | 0 255 | 0 255
120 117 197 625
0 255 | 0 255 | 0 255 | 0 255
11 921 89 452
0 255 | 0 255 | 0 255 | 0 255
572 252 -1 197
0 255 | 0 255 | 0 254 | 0 255
899 492 589 365
0 255 | 0 255 | 0 255 | 0 255
441 265 311 272
0 255 | 0 255 | 0 255 | 0 255
918 422 290 429
0 255 | 0 255 | 0 255 | 0 255
382 456 535 417
0 255 | 0 255 | 0 255 | 0 255
516 634 858 75
0 255 | 0 255 | 0 255 | 0 255
625 521 361 373
0 255 | 0 255 | 0 255 | 0 255
648 74 192 84
0 255 | 0 255 | 0 255 | 0 255
563 237 468 154
0 255 | 0 255 | 0 255 | 0 255
211 238 136 79
0 255 | 0 255 | 0 255 | 0 255
363 510 594 85
0 255 | 0 255 | 0 255 | 0 255
481 -1 124 424
0 255 | 1 255 | 0 255 | 0 255
568 146 746 668
0 255 | 0 255 | 0 255 | 0 255
306 218 138 77
0 255 | 0 255 | 0 255 | 0 255
360 202 216 243
0 255 | 0 255 | 0 255 | 0 255
380 236 209 790
0 255 | 0 255 | 0 255 | 0 255
224 30 768 481
0 255 | 0 255 | 0 255 | 0 255
24 510 366 912
0 255 | 0 255 | 0 255 | 0 255
69 375 498 277
0 255 | 0 255 | 0 255 | 0 255
739 122 253 60
0 255 | 0 255 | 0 255 | 0 255
164 403 355 186
0 255 | 0 255 | 0 255 | 0 255
548 44 348 181
0 255 | 0 255 | 0 255 | 0 255
363 360 982 354
0 255 | 0 255 | 0 255 | 0 255
569 316 420 56
0 255 | 0 255 | 0 255 | 0 255
302 207 505 889
0 255 | 0 255 | 0 255 | 0 255
201 420 64 714
0 255 | 0 255 | 0 255 | 0 255
309 98 57 508
0 255 | 0 255 | 0 255 | 0 255
372 147 114 422
0 255 | 0 255 | 0 255 | 0 255
88 68 634 273
0 255 | 0 255 | 0 255 | 0 255
297 80 460 152
0 255 | 0 255 | 0 255 | 0 255
825 244 120 245
0 255 | 0 255 | 0 255 | 0 255
409 756 381 110
0 255 | 0 255 | 0 255 | 0 255
271 115 253 118
0 255 | 0 255 | 0 255 | 0 255
388 264 264 58
0 255 | 0 255 | 0 255 | 0 255
137 86 225 203
0 255 | 0 255 | 0 255 | 0 255
265 219 282 484
0 255 | 0 255 | 0 255 | 0 255
622 158 -1 -1
0 255 | 0 255 | 0 254 | 1 255
181 805 217 574
0 255 | 0 255 | 0 255 | 0 255
205 391 583 302
0 255 | 0 255 | 0 255 | 0 255
563 770 389 553
0 255 | 0 255 | 0 255 | 0 255
108 516 300 368
0 255 | 0 255 | 0 255 | 0 255
252 525 320 459
0 255 | 0 255 | 0 255 | 0 255
614 247 247 276
0 255 | 0 255 | 0 255 | 0 255
279 233 273 191
0 255 | 0 255 | 0 255 | 0 255
451 451 244 212
0 255 | 0 255 | 0 255 | 0 255
268 165 108 607
0 255 | 0 255 | 0 255 | 0 255
84 570 980 689
0 255 | 0 255 | 0 255 | 0 255
261 688 124 399
0 255 | 0 255 | 0 255 | 0 255
106 433 641 452
0 255 | 0 255 | 0 255 | 0 255
375 238 482 63
0 255 | 0 255 | 0 255 | 0 255
394 269 541 -1
0 255 | 0 255 | 0 255 | 1 254
162 982 425 177
0 255 | 0 255 | 0 255 | 0 255
408 374 233 -1
0 255 | 0 255 | 0 255 | 0 253
418 115 461 687
0 255 | 0 255 | 0 255 | 0 255
323 450 45 465
0 255 | 0 255 | 0 255 | 0 255
228 685 253 344
0 255 | 0 255 | 0 255 | 0 255
68 368 134 283
0 255 | 0 255 | 0 255 | 0 255
497 268 197 101
0 255 | 0 255 | 0 255 | 0 255
123 462 301 488
0 255 | 0 255 | 0 255 | 0 255
200 305 146 153
0 255 | 0 255 | 0 255 | 0 255
130 467 210 167
0 255 | 0 255 | 0 255 | 0 255
237 135 221 161
0 255 | 0 255 | 0 255 | 0 255
540 243 381 564
0 255 | 0 255 | 0 255 | 0 255
151 237 766 189
0 255 | 0 255 | 0 255 | 0 255
587 334 583 574
0 255 | 0 255 | 0 255 | 0 255
409 174 207 134
0 255 | 0 255 | 0 255 | 0 255
