P=10000
621 354 337 466
0 255 | 0 255 | 0 255 | 0 255
365 262 725 501
0 255 | 0 255 | 0 255 | 0 255
540 222 711 371
0 255 | 0 255 | 0 255 | 0 255
230 119 57 408
0 255 | 0 255 | 0 255 | 0 255
215 223 356 234
0 255 | 0 255 | 0 255 | 0 255
227 304 448 289
0 255 | 0 255 | 0 255 | 0 255
396 1049 557 274
0 255 | 0 255 | 0 255 | 0 255
353 248 262 337
0 255 | 0 255 | 0 255 | 0 255
263 753 185 685
0 255 | 0 255 | 0 255 | 0 255
619 142 196 485
0 255 | 0 255 | 0 255 | 0 255
83 337 442 231
0 255 | 0 255 | 0 255 | 0 255
85 155 181 464
0 255 | 0 255 | 0 255 | 0 255
144 537 327 1128
0 255 | 0 255 | 0 255 | 0 255
107 510 587 378
0 255 | 0 255 | 0 255 | 0 255
35 306 55 53
0 255 | 0 255 | 0 255 | 0 255
273 207 378 6
0 255 | 0 255 | 0 255 | 0 255
543 692 247 52
0 255 | 0 255 | 0 255 | 0 255
227 45 962 298
0 255 | 0 255 | 0 255 | 0 255
194 124 177 226
0 255 | 0 255 | 0 255 | 0 255
1180 873 273 1339
0 255 | 0 255 | 0 255 | 0 255
361 197 964 403
0 255 | 0 255 | 0 255 | 0 255
353 74 463 194
0 255 | 0 255 | 0 255 | 0 255
100 172 611 176
0 255 | 0 255 | 0 255 | 0 255
1092 982 305 694
0 255 | 0 255 | 0 255 | 0 255
57 535 116 196
0 255 | 0 255 | 0 255 | 0 255
380 171 884 428
0 255 | 0 255 | 0 255 | 0 255
481 628 141 141
0 255 | 0 255 | 0 255 | 0 255
148 783 925 295
0 255 | 0 255 | 0 255 | 0 255
1306 312 236 170
0 255 | 0 255 | 0 255 | 0 255
779 543 659 187
0 255 | 0 255 | 0 255 | 0 255
157 716 318 232
0 255 | 0 255 | 0 255 | 0 255
133 571 1032 318
0 255 | 0 255 | 0 255 | 0 255
469 417 604 738
0 255 | 0 255 | 0 255 | 0 255
773 250 109 332
0 255 | 0 255 | 0 255 | 0 255
199 397 216 503
0 255 | 0 255 | 0 255 | 0 255
72 406 184 397
0 255 | 0 255 | 0 255 | 0 255
666 369 143 215
0 255 | 0 255 | 0 255 | 0 255
293 889 528 363
0 255 | 0 255 | 0 255 | 0 255
399 196 166 300
0 255 | 0 255 | 0 255 | 0 255
505 773 278 136
0 255 | 0 255 | 0 255 | 0 255
337 520 241 373
0 255 | 0 255 | 0 255 | 0 255
156 156 158 282
0 255 | 0 255 | 0 255 | 0 255
314 121 55 239
0 255 | 0 255 | 0 255 | 0 255
866 192 90 907
0 255 | 0 255 | 0 255 | 0 255
321 362 344 156
0 255 | 0 255 | 0 255 | 0 255
171 635 337 344
0 255 | 0 255 | 0 255 | 0 255
89 305 182 381
0 255 | 0 255 | 0 255 | 0 255
106 70 351 62
0 255 | 0 255 | 0 255 | 0 255
205 368 171 58
0 255 | 0 255 | 0 255 | 0 255
111 120 158 1098
0 255 | 0 255 | 0 255 | 0 255
161 665 143 40
0 255 | 0 255 | 0 255 | 0 255
301 160 357 316
0 255 | 0 255 | 0 255 | 0 255
328 416 1144 199
0 255 | 0 255 | 0 255 | 0 255
582 930 104 231
0 255 | 0 255 | 0 255 | 0 255
77 481 113 193
0 255 | 0 255 | 0 255 | 0 255
75 442 135 349
0 255 | 0 255 | 0 255 | 0 255
73 600 518 804
0 255 | 0 255 | 0 255 | 0 255
266 260 374 84
0 255 | 0 255 | 0 255 | 0 255
632 234 848 86
0 255 | 0 255 | 0 255 | 0 255
269 585 112 633
0 255 | 0 255 | 0 255 | 0 255
200 617 166 107
0 255 | 0 255 | 0 255 | 0 255
909 484 124 214
0 255 | 0 255 | 0 255 | 0 255
651 216 51 141
0 255 | 0 255 | 0 255 | 0 255
88 393 87 351
0 255 | 0 255 | 0 255 | 0 255
444 176 155 551
0 255 | 0 255 | 0 255 | 0 255
205 738 734 171
0 255 | 0 255 | 0 255 | 0 255
407 86 156 171
0 255 | 0 255 | 0 255 | 0 255
433 351 798 590
0 255 | 0 255 | 0 255 | 0 255
347 705 180 367
0 255 | 0 255 | 0 255 | 0 255
283 899 272 413
0 255 | 0 255 | 0 255 | 0 255
416 336 697 312
0 255 | 0 255 | 0 255 | 0 255
445 788 1419 285
0 255 | 0 255 | 0 255 | 0 255
336 619 633 336
0 255 | 0 255 | 0 255 | 0 255
499 230 264 620
0 255 | 0 255 | 0 255 | 0 255
15 1097 104 110
0 255 | 0 255 | 0 255 | 0 255
165 643 438 379
0 255 | 0 255 | 0 255 | 0 255
621 228 433 270
0 255 | 0 255 | 0 255 | 0 255
1265 53 196 75
0 255 | 0 255 | 0 255 | 0 255
179 1953 681 403
0 255 | 0 255 | 0 255 | 0 255
91 324 113 206
0 255 | 0 255 | 0 255 | 0 255
320 67 168 172
0 255 | 0 255 | 0 255 | 0 255
243 1081 435 325
0 255 | 0 255 | 0 255 | 0 255
622 282 355 644
0 255 | 0 255 | 0 255 | 0 255
433 169 219 204
0 255 | 0 255 | 0 255 | 0 255
765 105 197 521
0 255 | 0 255 | 0 255 | 0 255
109 317 281 101
0 255 | 0 255 | 0 255 | 0 255
292 1342 248 592
0 255 | 0 255 | 0 255 | 0 255
631 663 228 473
0 255 | 0 255 | 0 255 | 0 255
515 353 245 326
0 255 | 0 255 | 0 255 | 0 255
173 358 374 715
0 255 | 0 255 | 0 255 | 0 255
159 165 93 157
0 255 | 0 255 | 0 255 | 0 255
164 412 97 466
0 255 | 0 255 | 0 255 | 0 255
70 245 140 84
0 255 | 0 255 | 0 255 | 0 255
601 173 354 154
0 255 | 0 255 | 0 255 | 0 255
625 521 361 373
0 255 | 0 255 | 0 255 | 0 255
224 30 768 481
0 255 | 0 255 | 0 255 | 0 255
309 98 57 508
0 255 | 0 255 | 0 255 | 0 255
622 158 1076 1574
0 255 | 0 255 | 0 255 | 0 255
84 570 980 689
0 255 | 0 255 | 0 255 | 0 255
68 368 134 283
0 255 | 0 255 | 0 255 | 0 255
