SOURCE=name_charmap_P200_LMAX5.txt
STRATEGY=charmap
P=200
LMAX=5
PARTITIONS=5000
QUERIES=1000
4
6
82
0
3
21
388
473
0
0
243
1931
33
109
6
0
930
2
1
11
176
930
710
0
264
0
0
2845
1623
46
4091
60
288
3334
24
65
65
22
0
2134
29
48
5
937
0
23
21
23
22
1
22
9
29
58
16
1861
14
1132
89
424
4
14
287
547
23
361
0
1568
27
493
65
1390
27
117
533
0
1884
1727
264
32
54
0
0
2469
909
3
420
12
511
25
0
936
21
41
0
151
232
305
70
710
55
23
1888
4295
210
0
64
4
0
0
8
10
1955
419
1931
65
0
454
0
9
111
0
12
215
259
46
29
29
280
107
2071
248
0
29
51
0
22
268
1474
21
12
0
0
1
54
43
0
110
29
489
153
53
0
5
25
465
2
152
0
107
2184
42
507
0
3437
8
10
26
1
1
0
280
2503
0
38
3438
1
25
1
0
27
1688
447
424
717
22
11
326
31
1295
232
2
1132
728
259
6
25
1
0
0
0
83
214
0
54
1
930
96
6
232
21
0
0
0
0
76
3908
0
362
249
109
1755
6
53
284
10
1935
1
21
32
948
96
67
45
6
2367
10
703
0
865
8
45
1619
4
10
96
1746
0
72
21
46
32
34
0
1378
39
0
21
11
3
3772
703
9
0
1105
55
30
2238
54
0
214
0
3829
362
51
1
1
10
76
243
2
6
0
12
30
0
12
0
530
0
1473
310
9
960
2
23
1
96
96
55
547
45
22
0
2537
0
244
0
61
4
48
2163
45
470
42
109
1742
2238
21
23
59
1579
21
2
362
4
2
262
1619
54
799
42
2
107
9
60
2
565
316
109
1130
6
0
263
507
60
1
316
3300
219
1083
30
22
1568
1
10
0
52
0
529
257
326
0
985
43
32
0
1635
930
6
2238
1132
210
471
1623
0
1
6
0
0
0
25
29
0
0
425
56
0
3189
58
1
1
1
0
158
4
0
287
5
449
45
0
107
0
0
5
244
522
210
25
1
4
2
210
747
0
5
930
14
316
324
0
1474
799
1568
45
38
49
11
115
15
96
16
0
151
6
1931
44
1746
12
308
0
0
359
4
152
253
657
1
257
5
1
3468
0
0
0
11
2
96
0
0
0
60
7
1
54
152
0
847
1132
8
88
27
88
657
9
62
0
2846
3593
4
424
259
29
21
799
13
320
2472
5
0
2238
31
0
0
1473
21
55
2
868
2580
3495
1688
12
46
4
5
0
2
885
25
4052
65
449
0
3027
1619
24
1
0
0
9
21
22
0
1
287
284
0
176
69
2376
92
218
0
0
12
0
1128
847
316
9
12
0
0
0
1568
84
10
2
0
2873
847
1
85
1
21
0
45
560
287
210
89
92
3
0
1
45
0
158
3
2
115
107
1884
0
54
43
514
2376
0
2
2654
2469
22
424
43
48
0
24
2
6
1
109
0
13
29
1747
12
514
241
109
0
3189
46
10
210
2
38
0
0
0
1678
0
2475
705
711
0
11
0
10
104
0
429
45
242
27
72
2238
15
110
0
316
5
0
53
6
9
1913
0
1
1746
6
151
0
0
0
0
68
2
5
12
21
43
217
58
152
533
4
419
51
1132
0
3829
352
2562
0
6
81
3
13
6
4289
1
260
960
2
83
287
465
42
507
110
29
25
19
1
92
5
0
2
45
20
253
22
2238
1613
0
0
5
46
118
4
4
92
0
14
0
0
43
24
9
29
107
0
46
10
259
45
282
68
0
2068
0
0
115
772
2548
9
3
424
1132
193
1613
23
26
51
1
2471
45
4
0
1613
307
0
9
4
2579
5
0
0
44
424
92
109
3657
152
1931
7
19
218
89
43
0
10
657
0
1714
43
489
29
507
3772
2
1737
0
984
67
24
9
421
4
1
1473
447
22
5
3749
152
2469
9
32
24
3
2522
25
2
4
1150
1688
4
1105
27
257
1601
0
862
45
1623
6
235
44
5
29
13
9
1
176
1
6
0
1931
42
363
0
27
6
218
23
10
0
67
0
60
109
1132
419
0
6
0
4
10
12
218
1968
22
1886
5
2469
6
1
1
10
326
97
0
75
0
0
27
0
429
193
9
40
465
2845
6
54
76
0
0
92
92
42
507
113
0
6
43
8
22
5
269
6
316
1
19
96
265
56
25
92
92
1931
0
511
6
1
22
0
1969
3
60
3
893
507
10
46
250
10
948
374
284
232
10
37
35
58
5
3851
0
32
0
0
44
24
507
0
1968
3300
22
6
0
1477
1572
3612
1958
1082
11
1083
0
3
0
5
1572
262
0
1853
0
107
1390
0
284
0
2
107
1
70
1931
1623
3605
939
3845
43
107
152
0
6
217
3
0
6
23
0
0
297
0
25
1405
2
284
931
287
1
0
4
29
5
420
2579
10
10
259
0
856
113
3801
10
2469
