SOURCE=name_charmap_P200_LMAX8.txt
STRATEGY=charmap
P=200
LMAX=8
PARTITIONS=5000
QUERIES=1000
4
206
82
0
3
21
388
687
0
2
243
1997
33
109
433
2
1012
2
1
11
176
932
710
54
264
0
0
2845
1623
46
4091
956
299
3334
24
65
65
22
2
2134
49
4638
5
2204
0
4170
21
3630
22
57
2648
502
29
65
19
4244
14
1132
89
2248
4
110
287
547
119
361
0
2874
293
493
65
2565
46
117
1147
0
3290
1727
264
2511
54
3
1294
2469
909
3093
420
971
1956
221
0
1190
21
41
0
151
232
308
70
710
55
220
2344
4315
210
0
72
4476
0
2391
8
1642
1955
625
1943
65
0
454
199
63
162
2391
12
1777
259
46
29
29
2134
107
3689
248
0
250
52
0
22
268
1600
21
314
424
3
1
3345
306
0
110
250
919
2278
3254
0
5
25
465
424
152
7
107
2255
42
2296
0
3437
12
10
26
3
1
200
2345
4171
1155
48
3473
1
4213
57
0
46
1688
530
424
785
2648
127
326
31
1295
232
489
1132
1865
259
25
2077
1
0
1155
0
83
214
932
55
1
930
96
433
232
21
198
0
0
0
76
3908
0
364
249
339
1894
6
53
422
10
1936
2491
21
268
948
96
74
45
206
2402
10
3994
0
865
8
535
1619
243
10
96
1746
0
72
21
67
32
34
0
1378
39
932
1096
247
3
3772
703
63
1987
1105
55
30
2482
54
0
214
0
3897
364
104
2295
1
3383
76
243
2
206
543
12
30
0
12
0
530
96
1473
1699
9
1554
122
23
1
96
96
1117
547
535
22
198
3067
0
244
2183
61
4
2155
2275
45
594
42
678
1863
2297
21
23
59
1579
21
4
364
4
1194
262
1619
147
799
42
122
107
9
60
309
565
316
109
1130
6
0
263
4023
60
1
369
4018
219
1083
30
2648
2874
1
10
0
52
932
529
257
329
2
985
43
32
120
2865
930
99
2297
1132
210
471
1625
2391
1
6
0
0
0
25
29
0
0
425
172
2609
3760
58
1
1
3384
0
1162
2039
0
287
95
449
45
198
107
0
0
5
244
2338
1307
521
1
4
122
1341
747
0
101
1067
14
326
326
0
1600
956
2874
45
38
51
11
115
2339
96
19
0
240
67
2913
44
1746
12
308
0
0
503
4
152
904
659
1
3180
5
1
3468
0
0
4879
11
489
96
0
0
0
67
10
1
54
152
0
923
1543
62
768
46
88
1176
63
62
0
2846
4611
4
424
259
29
21
800
13
373
2472
122
0
2297
38
0
9
1473
21
1672
2
868
2580
3495
1688
12
468
4
5
0
2
885
25
4871
65
451
0
3027
1619
2053
1
0
0
9
21
22
0
121
287
284
185
176
70
2376
92
218
223
0
598
696
1128
2624
316
9
12
0
0
54
2874
84
10
489
0
3395
2447
1
88
1
21
0
45
560
287
1307
89
2033
3
2711
57
45
0
1162
3
2
115
107
1884
0
64
43
514
2376
0
489
2654
2469
2648
424
43
48
0
639
93
25
1
338
1155
13
29
3011
12
514
241
338
0
3517
46
10
1341
489
38
0
223
4570
2892
0
2475
706
711
8
11
0
10
104
223
429
281
473
48
72
2297
15
110
0
316
5
200
3254
6
19
1913
0
2143
1746
417
344
0
0
0
3323
68
2
5
314
21
43
217
58
152
533
4
419
51
1543
0
3897
2853
4209
0
99
81
5
13
206
4289
1
260
1554
1176
143
287
3007
42
507
110
29
27
19
1
92
5
0
489
535
20
253
76
2297
2264
932
0
5
46
128
4
4
92
0
107
0
0
43
4725
9
29
198
493
468
10
259
45
282
483
0
2068
0
0
122
2590
2548
923
3
424
1132
193
2264
23
26
104
1
2471
972
4
0
2264
307
351
9
4
2579
305
0
0
2215
424
92
338
3657
152
2913
7
463
3308
100
43
0
10
757
0
1714
162
919
29
518
3792
4
2825
0
1596
67
3870
207
421
4
1
1473
530
22
5
3787
152
3095
63
4121
639
3
3610
25
122
4
1193
1688
4
1105
2555
257
1601
0
862
4095
1625
25
245
2215
5
29
13
19
1
176
57
8
0
1931
42
589
0
46
8
3308
2620
10
1954
1098
120
311
338
1171
419
0
206
0
1097
10
12
218
1968
1692
1886
5
2469
6
1
1
126
329
511
0
75
0
0
293
0
429
193
9
40
465
2845
6
56
76
0
0
2033
92
52
518
113
0
6
43
8
23
5
355
433
316
1
114
96
265
56
443
92
92
2545
0
1956
8
1
2648
0
2064
3
311
3
903
1354
10
46
250
103
948
374
292
232
10
37
47
58
5
3851
0
1103
0
0
2215
24
507
0
1968
3541
22
6
0
1603
1574
3612
2023
1082
11
1083
22
3
0
5
2833
262
7
1853
0
107
1449
0
284
0
2
107
1
70
2913
1623
3846
3561
3853
298
107
152
0
62
217
5
0
15
23
2
0
2132
0
25
1405
2
284
1340
289
57
0
4
29
5
420
2579
10
10
259
117
856
113
3801
37
2469
