SOURCE=name_charmap_P200_LMAX3.txt
STRATEGY=charmap
P=200
LMAX=3
PARTITIONS=5000
QUERIES=1000
4
0
82
0
2
0
241
454
0
0
241
0
23
109
0
0
930
2
0
2
29
930
454
0
262
0
0
2845
0
25
4091
0
0
3326
24
4
23
22
0
2127
29
48
4
107
0
23
0
23
22
0
22
0
29
48
4
1845
4
0
29
424
4
6
0
45
2
351
0
1
25
454
23
0
25
109
29
0
0
1726
259
25
54
0
0
2469
909
2
275
0
4
23
0
930
0
32
0
0
23
259
29
454
4
23
0
2825
0
0
4
4
0
0
2
0
1954
419
0
4
0
454
0
0
52
0
12
4
0
46
29
29
275
107
2071
241
0
14
0
0
22
268
799
0
0
0
0
1
54
0
0
109
14
25
0
2
0
0
25
0
0
0
0
107
2183
22
507
0
3437
6
4
24
0
0
0
275
10
0
29
3437
0
25
0
0
25
1688
447
424
10
22
0
0
29
1291
23
0
0
25
259
0
23
0
0
0
0
83
4
0
54
0
930
54
0
23
0
0
0
0
0
76
3904
0
82
249
109
1747
0
52
275
10
4
0
0
31
0
54
67
45
0
0
0
0
0
23
2
45
1619
2
0
54
1746
0
29
0
46
29
29
0
4
29
0
0
10
2
3772
0
0
0
848
4
25
0
45
0
4
0
0
82
0
0
0
10
23
241
2
0
0
12
29
0
12
0
25
0
799
22
0
507
2
23
0
54
54
4
547
45
22
0
107
0
244
0
0
4
48
1619
45
275
22
109
1740
0
0
23
54
1572
0
2
82
4
0
262
0
54
799
0
0
107
0
0
2
109
0
109
241
6
0
263
0
0
0
0
0
218
1082
10
22
1
0
0
0
52
0
25
217
0
0
1
0
29
0
23
930
4
0
0
0
420
0
0
0
6
0
0
0
25
29
0
0
424
54
0
0
58
1
0
0
0
109
4
0
0
0
430
45
0
107
0
0
4
242
522
0
23
1
4
2
0
54
0
0
930
4
0
324
0
799
799
1
45
29
49
0
22
10
54
4
0
0
6
0
23
1746
12
262
0
0
45
4
0
45
241
0
217
0
0
3468
0
0
0
0
0
54
0
0
0
0
2
1
45
1
0
0
0
6
45
25
88
241
0
2
0
2057
29
4
424
259
29
0
799
6
4
2472
0
0
0
31
0
0
799
0
45
2
850
2579
3495
1688
12
46
4
4
0
2
848
25
0
4
444
0
3026
1619
24
1
0
0
2
0
22
0
0
0
265
0
29
10
2372
92
218
0
0
0
0
772
0
0
0
12
0
0
0
1
82
10
0
0
1572
0
0
33
1
0
0
45
318
82
0
29
92
2
0
0
45
0
109
2
0
22
107
0
0
54
1
512
2372
0
0
2654
2469
22
424
0
48
0
24
2
0
0
109
0
4
29
1714
12
514
241
109
0
0
25
10
0
0
29
0
0
0
82
0
2469
0
703
0
6
0
0
104
0
429
45
241
25
29
0
0
109
0
0
0
0
2
4
0
68
0
0
1746
4
0
0
0
0
0
68
2
4
0
0
0
217
58
1
28
4
419
0
0
0
0
351
2562
0
4
29
2
6
0
241
1
260
507
2
82
82
0
0
507
109
29
25
10
0
92
0
0
0
45
10
45
22
0
454
0
0
4
46
58
4
2
92
0
14
0
0
1
24
0
29
107
0
46
10
259
45
277
0
0
2068
0
0
47
772
259
0
2
424
0
188
454
22
24
0
0
2469
45
4
0
454
259
0
0
4
1619
0
0
0
29
424
92
109
3604
1
0
0
4
218
46
1
0
0
241
0
1714
0
25
29
0
3772
2
1734
0
0
67
24
0
275
4
1
799
447
22
4
3662
1
2469
0
23
24
2
48
25
2
4
0
1688
4
848
25
217
45
0
862
2
1623
0
217
29
4
29
6
0
1
29
0
6
0
0
0
82
0
25
0
218
23
10
0
67
0
0
109
0
419
0
0
0
4
0
12
218
1968
22
4
4
2469
0
0
0
0
0
29
0
75
0
0
25
0
424
188
4
29
0
2845
4
54
76
0
0
92
92
33
0
111
0
6
1
2
22
4
269
0
0
0
10
54
265
52
23
92
92
0
0
4
0
0
22
0
1968
1
0
2
217
0
10
46
241
10
0
374
275
23
0
31
29
58
0
3807
0
25
0
0
29
23
507
0
1968
0
22
0
0
803
1572
3597
46
1082
0
1082
0
2
0
0
1572
262
0
1718
0
107
0
0
265
0
2
107
0
29
0
0
3468
930
3801
0
107
1
0
6
217
2
0
0
2
0
0
1
0
25
46
2
284
930
0
0
0
4
29
4
420
1619
0
0
259
0
856
111
3801
0
2469
