SOURCE=ip_minmax_P100_LMAX8.txt
STRATEGY=minmax
P=100
LMAX=8
PARTITIONS=10000
QUERIES=1000
0
0
88
0
15
0
0
136
0
0
0
0
0
0
0
6
0
0
0
0
8175
0
0
0
0
1
0
0
0
0
486
0
0
0
0
0
0
0
5
5
0
1
0
0
9
0
0
0
0
0
0
3927
0
0
0
0
0
0
0
0
0
0
0
80
67
0
0
0
0
0
0
0
0
0
0
0
0
5
0
53
0
0
0
0
0
0
112
0
0
4090
0
48
0
0
344
0
0
0
0
0
0
0
0
0
0
0
0
0
0
0
0
0
0
0
0
8
0
0
0
187
0
0
0
0
0
0
1
0
3
0
6835
0
0
0
0
4270
0
0
249
0
0
0
0
0
0
233
0
0
0
0
0
0
0
0
0
0
0
8170
20
0
869
0
0
19
0
0
0
0
134
1
478
0
0
0
0
0
0
0
0
0
41
0
0
0
0
0
0
0
0
0
0
0
0
0
0
2333
64
0
0
0
1
6288
0
0
0
0
0
0
6107
52
0
0
0
0
0
0
0
0
5
0
0
0
0
0
0
0
0
0
0
0
0
0
215
113
0
0
0
5620
0
0
0
0
0
0
0
11
2801
943
0
0
0
0
0
0
0
30
0
228
0
0
0
0
0
0
0
0
0
0
3
75
0
0
64
0
0
0
0
280
0
0
0
196
0
0
0
0
0
0
0
0
0
0
0
229
0
98
0
9142
0
0
0
0
0
0
0
0
0
0
237
0
1
0
0
0
0
34
5
0
0
0
0
0
0
0
0
0
0
0
0
0
151
0
0
0
0
0
0
5
30
0
0
0
0
0
0
0
0
10
0
20
0
0
0
0
0
1
0
0
0
0
0
0
0
0
0
0
0
0
865
0
0
0
0
0
0
0
0
0
0
0
5
10
5595
28
5
0
0
0
0
0
0
0
0
0
0
225
0
0
0
0
0
0
5
0
0
0
0
0
2330
3712
9490
0
0
0
0
0
46
0
1
0
0
76
0
0
0
0
0
0
0
0
0
0
0
0
0
0
0
0
0
0
0
0
0
0
0
0
0
4474
30
7622
46
0
0
4187
0
0
0
0
0
0
0
0
0
0
0
0
0
0
0
0
0
0
0
0
0
0
0
0
0
0
0
0
0
0
0
0
0
0
35
0
130
0
0
1
0
3873
0
0
0
0
0
0
73
0
4150
0
0
0
0
0
0
5294
1
0
0
0
0
0
0
0
0
3610
0
0
0
0
1
0
0
0
0
0
0
0
0
0
0
0
0
0
0
696
0
0
0
0
0
0
0
0
0
0
1
0
0
0
320
0
0
85
1
0
0
0
0
0
0
0
0
0
0
0
0
0
0
31
0
0
0
0
0
0
0
0
0
0
0
0
51
0
0
3577
0
0
0
0
0
0
0
0
0
6108
0
0
0
148
0
0
4532
0
0
0
0
1068
0
0
0
0
1
0
0
0
0
0
1
0
4811
0
0
0
0
0
0
0
0
3511
0
4
0
3
0
0
0
1639
7
0
0
12
0
0
0
0
0
1874
740
0
0
500
0
0
0
0
4754
0
0
0
0
4
0
12
0
0
0
0
0
0
0
0
0
0
8
0
0
0
0
0
0
0
5
0
0
0
0
0
0
0
0
0
0
0
0
9800
0
0
0
0
0
0
0
0
2835
0
0
0
0
0
0
0
0
0
0
0
0
0
0
0
0
0
0
1746
0
0
0
0
0
90
0
0
0
0
801
0
0
0
0
0
0
51
0
0
0
0
0
0
0
32
0
0
0
0
0
0
0
0
0
0
0
0
0
0
0
0
0
0
0
28
0
0
0
0
5
597
0
0
0
0
4634
0
443
0
0
0
0
556
1463
0
0
0
0
0
0
0
0
0
0
491
0
7
0
0
2
50
0
0
0
0
0
13
0
89
0
0
0
0
0
0
3
1149
7347
0
0
0
0
0
0
0
0
0
0
0
0
0
0
0
34
5
0
0
0
0
24
0
0
0
14
0
0
0
0
0
0
0
0
568
1477
0
0
0
126
0
34
0
0
163
896
0
0
0
0
24
0
0
0
0
193
0
0
3
58
0
0
0
0
0
0
0
0
0
12
0
0
2
0
3143
0
0
0
871
4818
0
0
18
0
0
8
0
201
0
0
0
0
0
0
0
0
0
0
0
0
0
0
7
0
0
1936
0
0
0
0
0
0
0
0
0
0
0
0
146
0
8
0
0
885
5
0
0
0
1219
0
0
0
0
0
0
0
0
0
0
0
0
0
0
0
0
0
0
0
2108
0
0
0
3282
0
0
0
0
0
0
0
0
0
0
0
0
0
0
36
0
0
0
