SOURCE=name_charmap_P500_LMAX3.txt
STRATEGY=charmap
P=500
LMAX=3
PARTITIONS=2000
QUERIES=1000
0
0
0
0
0
0
5
7
0
0
3
0
0
0
0
0
68
0
0
0
0
68
7
0
1
0
0
491
0
0
1210
0
0
749
0
0
0
0
0
170
0
0
0
2
0
0
0
0
0
0
0
0
0
0
0
127
0
0
0
7
0
0
0
0
0
3
0
0
0
7
0
0
0
0
0
0
0
195
1
0
0
0
0
417
44
0
4
0
0
0
0
68
0
0
0
0
0
1
0
7
0
0
0
376
0
0
0
0
0
0
0
0
137
10
0
0
0
7
0
0
0
0
0
0
0
0
0
0
4
2
247
5
0
0
0
0
0
5
27
0
0
0
0
0
0
0
0
0
0
0
0
0
0
0
0
0
0
0
0
2
250
0
6
0
820
0
0
0
0
0
0
4
0
0
0
820
0
0
0
0
0
131
5
7
0
0
0
0
0
74
0
0
0
0
1
0
0
0
0
0
0
0
0
0
0
0
68
0
0
0
0
0
0
0
0
0
1102
0
0
5
0
148
0
0
4
0
0
0
0
0
0
0
0
0
0
0
0
0
0
0
0
0
124
0
0
0
148
0
0
0
0
0
0
0
0
0
0
0
0
0
1031
0
0
0
44
0
0
0
0
0
0
0
0
0
0
0
0
0
0
3
0
0
0
0
0
0
0
0
0
0
27
0
0
6
0
0
0
0
0
0
9
0
0
0
2
0
3
0
0
0
0
124
0
4
0
0
195
0
0
0
0
115
0
0
0
0
0
1
0
0
27
0
0
2
0
0
0
0
0
0
5
0
0
3
0
0
0
0
0
3
47
0
0
0
0
0
0
0
0
0
3
0
0
0
0
0
0
0
68
0
0
0
0
10
0
0
0
0
0
0
0
0
0
0
0
7
0
0
0
0
0
0
0
0
0
0
0
0
0
10
0
0
2
0
0
0
3
7
0
0
0
0
0
0
0
0
0
68
0
0
4
0
27
27
0
0
0
0
0
0
0
0
0
0
0
0
0
0
148
0
1
0
0
0
0
0
0
5
0
3
0
0
808
0
0
0
0
0
0
0
0
0
0
0
0
0
0
0
0
0
0
0
0
0
5
0
0
0
247
0
0
7
1
0
0
27
0
0
417
0
0
0
0
0
0
27
0
0
0
44
418
837
131
0
0
0
0
0
0
44
0
0
0
7
0
360
124
0
0
0
0
0
0
0
0
0
0
5
0
0
0
337
0
3
0
0
0
0
19
0
0
0
0
0
0
0
0
0
0
0
0
115
0
0
0
0
0
0
0
4
0
0
0
0
0
0
0
0
0
0
0
0
0
2
0
0
0
0
17
337
0
0
351
417
0
7
0
0
0
0
0
0
0
0
0
0
0
195
0
17
5
0
0
0
0
0
0
0
0
0
0
0
0
0
417
0
19
0
0
0
0
0
0
10
0
5
0
0
0
0
0
0
0
0
0
0
0
0
0
0
0
148
0
0
0
0
0
0
0
0
0
0
0
0
3
0
0
0
0
10
0
0
0
0
3
344
0
0
0
0
0
0
5
0
1
6
0
0
0
0
0
6
0
0
0
0
0
0
0
0
0
0
0
0
0
0
7
0
0
0
0
0
0
0
0
0
0
0
0
0
0
0
0
2
0
0
0
1
0
4
0
0
247
0
0
0
19
1
0
0
7
0
0
7
0
0
0
0
417
0
0
0
7
1
0
0
0
124
0
0
0
0
7
0
0
840
0
0
0
0
3
0
0
0
0
5
0
195
0
0
0
0
1031
0
195
0
0
0
0
0
4
0
0
27
5
0
0
906
0
417
0
0
0
0
0
0
0
0
0
131
0
44
0
3
0
0
21
0
124
0
3
0
0
0
0
0
0
0
0
0
0
0
0
0
0
0
0
3
0
0
0
0
0
0
0
0
10
0
0
0
0
0
0
3
155
0
0
0
417
0
0
0
0
0
0
0
0
0
0
0
0
7
0
0
0
0
491
0
0
0
0
0
0
0
0
0
2
0
0
0
0
0
0
1
0
0
0
0
0
5
0
0
0
0
0
0
0
0
0
0
0
155
0
0
0
3
0
0
0
5
0
0
3
4
0
0
0
0
0
0
1027
0
0
0
0
0
0
6
0
155
0
0
0
0
27
115
902
0
47
0
47
0
0
0
0
115
1
0
195
0
2
0
0
5
0
0
2
0
0
0
0
808
68
1027
0
2
0
0
0
3
0
0
0
0
0
0
0
0
0
0
0
4
68
0
0
0
0
0
0
10
124
0
0
1
0
44
2
1027
0
417
