SOURCE=name_charmap_P500_LMAX5.txt
STRATEGY=charmap
P=500
LMAX=5
PARTITIONS=2000
QUERIES=1000
0
0
0
0
0
0
5
7
0
0
3
184
0
0
0
0
68
0
0
0
0
68
10
0
1
0
0
491
122
0
1210
0
5
749
0
0
0
0
0
170
0
0
0
32
0
0
0
0
0
0
0
0
0
0
0
127
0
53
0
7
0
0
5
5
0
3
0
123
0
7
0
86
0
0
5
0
200
195
1
0
0
0
0
417
44
0
4
0
5
0
0
68
0
0
0
0
3
2
0
10
1
0
200
1083
3
0
0
0
0
0
0
0
137
10
184
0
0
7
0
0
0
0
0
3
4
0
0
0
4
2
247
5
0
0
1
0
0
5
71
0
0
0
0
0
0
0
0
0
0
12
0
1
0
0
0
12
0
0
0
2
250
0
6
0
820
0
0
0
0
0
0
4
381
0
0
820
0
0
0
0
0
131
5
7
17
0
0
5
0
74
3
0
53
17
1
0
0
0
0
0
0
0
3
0
0
0
68
0
0
3
0
0
0
0
0
0
1103
0
5
5
0
148
0
0
4
0
184
0
0
0
32
0
0
0
0
197
0
17
0
30
0
0
124
0
0
0
148
0
0
0
0
0
0
0
85
0
0
0
0
0
1031
17
0
0
47
1
0
272
0
0
3
0
1030
5
0
0
0
0
1
3
0
0
0
0
0
0
0
0
5
0
71
5
0
11
0
0
0
0
0
1
9
0
0
0
382
0
3
0
0
0
0
154
0
7
0
0
195
272
0
0
0
115
0
0
5
0
0
1
122
0
27
0
0
2
0
0
0
12
3
0
37
0
0
3
5
0
0
3
728
3
47
0
0
123
0
0
0
0
0
5
3
5
0
32
0
0
0
122
68
0
272
53
3
11
122
0
0
0
0
0
0
0
0
0
0
7
0
0
637
0
0
0
0
0
1
0
0
5
0
10
0
0
2
0
0
0
3
7
3
0
0
0
0
3
17
0
0
68
0
3
4
0
71
27
123
0
0
0
0
1
0
0
0
0
0
0
184
0
148
0
2
0
0
3
0
0
3
17
0
3
0
0
808
0
0
0
0
0
0
0
0
0
0
0
0
0
0
0
30
53
0
0
0
0
17
0
0
0
318
883
0
7
1
0
0
27
0
3
417
0
0
272
0
0
0
71
0
0
0
44
418
837
131
0
0
0
0
0
0
44
0
1168
0
7
0
360
124
0
0
0
0
0
0
0
0
0
5
5
0
0
1
337
0
3
0
0
0
0
31
30
3
0
0
0
0
0
123
0
0
0
0
303
30
0
1
0
0
0
0
8
3
3
0
0
0
0
0
0
0
1
0
0
1
2
200
0
0
0
17
337
0
0
351
417
0
7
0
0
0
0
0
0
0
0
0
0
0
195
0
17
5
0
0
637
0
0
3
0
0
0
0
0
122
0
417
17
19
0
0
0
0
0
0
10
0
5
0
0
272
0
0
0
3
0
0
1
0
0
200
0
0
148
0
0
0
0
0
0
0
0
0
0
0
0
3
0
0
5
0
10
1
53
0
1030
3
344
0
0
1
0
0
0
1361
0
1
11
0
0
3
12
0
6
0
0
0
0
0
0
0
0
0
0
0
3
0
272
92
0
0
0
0
0
0
0
0
0
0
0
0
0
0
0
0
2
0
0
0
1
0
4
0
0
247
0
0
0
19
277
0
0
7
53
0
92
0
0
0
0
417
0
0
0
92
2
0
0
0
236
0
0
0
0
7
0
0
840
0
184
0
0
3
0
0
0
0
17
0
195
0
12
0
5
1031
0
195
0
32
0
0
0
4
0
0
71
5
0
0
913
0
417
0
0
0
0
381
0
0
0
53
131
0
47
0
3
123
0
21
0
124
0
3
0
0
0
0
0
0
0
0
0
0
184
0
5
0
0
0
3
0
0
0
0
0
0
0
53
10
0
0
0
0
0
0
3
155
0
200
0
417
0
0
0
0
5
0
0
0
0
0
0
0
7
0
0
0
12
491
0
0
0
0
0
0
0
0
5
2
0
0
0
0
0
0
1
0
3
0
0
0
5
0
0
0
0
184
0
5
0
0
0
0
155
0
0
0
20
5
0
0
5
0
32
3
4
3
0
0
0
0
0
1027
0
0
0
0
0
0
6
0
155
728
0
0
0
71
115
902
184
47
0
47
0
0
0
0
115
1
0
199
0
2
86
0
5
0
0
2
0
0
184
122
815
68
1027
0
2
0
0
0
3
0
0
0
0
0
0
5
0
0
85
0
4
68
5
0
0
0
0
0
10
236
0
0
1
0
44
2
1027
0
417
