SOURCE=ip_minmax_P10_LMAX12.txt
STRATEGY=minmax
P=10
LMAX=12
PARTITIONS=100000
QUERIES=1000
11384
4113
61404
12862
51265
262
961
65396
35592
2983
364
922
929
341
24186
46160
897
1134
680
288
98011
1812
12208
30703
18536
37873
305
624
1201
220
74268
226
750
9417
9508
412
1577
274
44973
45997
265
37993
1114
192
49067
19889
15444
30032
1586
262
204
91051
216
673
31529
2241
17204
240
674
27758
1421
3525
23131
61002
59540
1323
1793
4526
224
788
14115
232
14152
27923
813
1819
607
44320
211
59601
35978
288
341
9512
296
2663
63852
236
1753
91401
1330
57837
452
5271
71578
200
33281
5801
2697
11594
2127
5884
7460
1397
10688
1717
1596
588
28638
14959
34991
8310
13896
199
2734
47921
204
345
9993
66808
402
4494
1215
2264
873
20946
39829
15076
42993
207
96315
2925
8972
7442
11353
91804
4364
10475
69243
201
9084
2458
3799
13685
1369
68835
262
1904
1274
1122
435
8154
1142
798
2534
12743
1578
98005
53392
1579
78185
4871
322
53084
13408
30518
16048
226
65315
38819
73695
32531
259
200
4492
9621
907
28833
23101
29331
57488
22343
5399
201
302
2827
8691
4217
11023
846
5538
790
3703
232
11497
86309
60329
227
30342
1867
39866
95424
205
541
7278
16321
18032
4371
95154
59422
203
28518
728
2199
18843
1668
1836
4638
46131
12545
19040
294
4331
931
726
32167
3729
489
14484
329
1512
1081
67947
63919
1355
2638
204
94410
277
1213
245
1640
2715
924
2248
49034
87904
78656
7777
571
3900
391
33782
397
216
53513
15286
68695
3816
192
210
264
6244
21855
200
13004
237
30416
43228
61712
3729
1542
59400
12373
18064
3965
10559
69869
10342
2102
26264
67112
24420
19673
27656
32573
17423
27825
948
195
228
3850
216
68228
220
62368
5460
99107
934
21056
19564
3026
18938
2008
519
944
1595
770
68779
232
42228
22562
20453
13431
404
55030
45902
19283
897
495
3229
523
22187
9746
293
2520
8605
264
1687
9485
65277
342
2519
381
225
14554
270
45626
53853
1311
27627
524
531
6328
1517
6135
496
48716
7337
53467
32690
740
23513
358
2941
40438
1247
1099
818
1443
23034
666
28154
11961
225
31319
12573
3303
78383
6315
239
13808
3463
3037
963
303
536
675
28510
2526
46546
49301
94328
56033
45550
192
1356
319
4080
220
2910
8804
999
1098
216
68611
780
1383
688
10110
10966
8804
45851
3090
16081
5798
738
4138
86308
90490
99486
4768
17861
2699
574
4664
57757
4138
39864
290
23022
62012
9387
34801
262
703
834
10825
11536
1441
386
14205
1617
1152
36065
29651
472
294
217
463
1157
888
24803
7169
201
750
292
92248
53735
97328
57778
10601
279
91694
17358
6346
4808
7105
561
4992
251
1515
16243
2402
435
1972
24031
4288
9546
5677
32996
930
1466
31252
1312
1296
35144
26315
3894
201
1164
228
228
33460
1125
7993
698
1282
56214
5307
65175
235
774
38360
9185
90888
18696
31559
1511
756
25850
2921
60495
9815
91608
7689
802
20250
2200
362
720
93873
38115
2199
27744
936
306
244
8096
601
237
90234
6604
4244
409
5198
40281
1320
8721
7116
4779
7332
199
34103
235
26459
205
33083
1193
1862
18812
76695
9773
13217
8421
322
423
1291
25919
4210
6005
202
38101
253
577
5482
71009
2798
4148
62286
38525
736
14629
35858
18306
287
36542
3222
19767
1019
1520
847
14282
25609
1609
54102
581
2529
8669
6008
295
4367
250
26085
11146
7136
10138
664
59128
244
6112
90146
1050
4812
23816
220
729
786
21085
20123
35519
95158
13104
192
389
65796
18058
222
92370
21783
19387
4947
282
79522
216
1208
35471
35105
37777
13104
36888
5794
3021
21116
39201
201
92922
584
7638
23929
1363
329
1576
29353
503
89979
2401
44789
545
41786
24674
414
30779
83170
47173
647
687
49129
8661
27336
9065
243
6147
84530
77109
625
238
74073
215
258
1050
533
92849
1588
1444
1335
36417
44967
1458
49386
546
525
4458
9223
1194
8678
258
1913
1201
15534
48849
194
7920
9546
336
11410
201
21847
45457
1522
14078
284
192
2179
228
366
1508
1576
6236
2253
6529
99797
2097
5577
19836
36348
26358
227
220
1117
88141
5175
3178
8630
417
9899
12879
530
30331
250
10039
3116
14707
412
3216
5431
1624
12527
204
83764
393
200
15680
22264
228
62535
2408
19860
4635
2511
77529
2104
199
2180
6181
8833
387
59407
194
215
514
647
34957
8663
16124
54141
20432
333
481
36177
2799
4393
228
8530
1142
9997
7791
980
5463
37084
405
192
5238
7323
12516
55718
10730
3626
25234
1103
43896
75376
30622
17633
1905
27617
92565
4364
73668
17391
7968
3979
4294
74970
82518
24028
10450
6712
8911
8136
3011
16333
416
14374
1429
73933
7810
47305
4284
765
40664
58699
522
193
14620
461
316
50129
974
61824
6892
15293
6690
6644
2758
3402
43385
80049
96966
205
1652
3526
18290
221
6539
31020
288
1909
412
6115
25709
34430
15807
193
55212
45879
25074
21734
195
296
52095
31622
20153
6623
49872
12219
495
33377
7422
17442
3325
2058
216
75097
82196
12351
12522
9893
65021
201
55057
20070
10708
66340
78324
9665
2045
2174
1958
54441
23621
10926
1340
2687
67577
15350
399
43394
58795
24306
15660
204
239
342
801
6022
14349
817
49242
4940
1897
40741
23219
89146
1630
201
636
78481
92938
327
13460
52412
19118
11583
48048
5743
67971
939
2630
3146
4826
4436
1909
633
7931
12821
284
345
1919
22463
512
47589
29698
4682
84792
277
260
199
17134
363
1041
13330
4261
28104
3804
32829
36491
65194
441
48107
2491
27915
78262
45075
267
6792
1639
81009
235
247
535
593
499
206
14522
5886
25887
1419
1652
204
5177
8755
21342
635
3331
17410
9112
85468
3932
20308
15507
89534
36800
29920
13176
6528
3717
10782
3565
675
2785
7452
736
297
262
801
56522
8509
33994
30715
