SOURCE=ip_minmax_P5_LMAX12.txt
STRATEGY=minmax
P=5
LMAX=12
PARTITIONS=200000
QUERIES=1000
67589
41037
156676
71861
143274
13107
20784
161644
119428
35048
14636
21085
20431
14215
98103
135672
20889
22837
17961
13899
197992
27895
70091
110486
85951
123170
14221
17811
22838
12829
172330
12917
18707
61655
61950
15226
25622
13419
133903
135740
13290
123366
22087
12467
139913
89226
78634
109730
26176
13241
12758
190838
12551
17919
111941
30690
83217
13147
18345
105543
25034
38046
95991
156167
154232
24354
27326
42974
12915
19090
75294
13087
75399
105835
19313
27537
17614
132899
12529
154306
120071
13907
14207
61958
13993
33314
159794
12822
27440
191204
24396
152033
15566
46337
169150
12556
115440
48509
33506
68235
29912
48834
54656
24413
65547
27108
25766
17444
107211
77563
118004
57977
74581
12499
33710
138536
12738
14316
63377
163452
15526
42850
23490
30693
19956
91340
125922
77716
130905
12785
196269
34730
60237
54842
67620
191628
42158
64897
166387
12482
60419
31883
39369
74002
24165
165886
13079
28096
23407
22170
15393
57450
22336
19791
32343
71516
25641
197986
146128
26108
176789
44599
14465
145711
73277
110135
80017
12651
161542
124271
171615
114165
13511
12679
42837
62164
20959
107108
95927
108019
151553
94587
46693
12492
14055
34119
59132
41486
66534
19701
47482
19703
39026
13064
68034
185763
155235
12670
109827
28239
126363
195369
12499
17044
54213
80713
85130
42214
195093
154081
12502
106984
18439
30365
86931
26755
28053
43409
135942
71006
87148
13692
42191
21137
18426
113502
38997
16403
76199
14534
25646
21748
164837
159878
24049
32977
12504
194321
13744
22897
13295
26126
33467
20381
30578
140096
187497
177328
56126
17306
40004
15018
116285
15095
12533
146147
78257
165725
39466
12469
12532
13560
50379
93303
12456
72339
12867
109961
131272
157007
38990
25393
154048
70503
85212
40337
65140
167134
64502
29743
102664
163821
98561
88739
105347
114230
83793
105243
20573
12479
12743
39747
12550
165179
12590
157908
46982
199105
20470
91602
88538
35289
86891
28743
16743
20553
25751
18894
165847
13084
130091
94829
90495
73515
15147
148266
135271
87715
20898
16149
36368
16786
94234
62596
13673
32433
58988
13108
26880
61886
161563
14216
32423
15343
12673
76387
13356
135210
146628
23669
104868
16507
16559
50396
25660
49938
16253
139647
54212
146228
114439
19110
97082
14597
34872
126896
23204
21984
19368
24698
95787
18242
106299
69358
12918
111583
71090
36760
177021
50347
12895
74332
37640
35294
20832
14145
16975
18360
106970
32294
136540
140245
194245
149611
134744
12472
24544
14452
40938
12832
34621
59499
21748
21956
12551
165612
19565
24281
18542
63735
66348
59755
135191
35644
80488
48486
18600
41187
185768
190229
199486
43997
84435
33513
16958
43749
151921
41185
126361
13627
96066
157390
61448
117665
13079
18222
20219
65943
68144
25172
15399
75551
25963
22948
120210
109062
16229
13703
12534
15740
23015
20782
99324
53807
12598
18700
13946
192078
146468
197302
151949
65272
13509
191500
83617
50796
44215
53361
16883
45021
13404
25164
80512
31637
15818
28904
97800
41856
62054
48034
114941
20437
24860
111461
23679
23540
118252
102305
39973
12600
23107
12741
12744
115770
22799
56864
18652
24021
149850
46477
161357
12808
18948
123948
60938
190661
86630
112421
25640
19302
101838
34693
155504
62912
191412
55839
19237
90058
30256
14626
18363
193764
123109
30367
105509
21190
14260
13292
56984
17238
12870
189964
51828
41761
15607
46020
127033
24283
59424
53388
44079
54196
12499
116496
12805
102586
12499
114729
23337
28194
86586
175119
62767
72927
58350
14483
15749
23524
101978
41586
49159
12464
123085
13450
17370
47241
168483
33968
41291
157737
123795
19039
76692
119482
85775
13836
120578
36385
88799
21289
25216
19703
75670
100912
26340
147007
17019
32311
59217
49366
13734
42370
13370
102309
66993
53487
63809
17840
153715
13271
49840
189875
22180
44355
97360
12831
18470
19079
91844
89514
118897
195097
72634
12476
14997
162156
85193
12871
192213
93371
87923
44919
13795
178302
12532
23427
119193
118195
122576
72630
121144
48345
35262
91921
124872
12465
192788
17062
55316
97604
24573
14536
25616
108055
16587
189702
31630
133960
17117
129043
99098
15251
110608
182348
137187
18048
18556
140242
59029
104734
60332
13258
50008
183845
175582
17519
13145
172050
12535
13200
21535
16947
192704
25695
24717
23897
120383
134217
25293
140596
16728
16811
42791
60914
22776
59076
13505
28551
22827
79063
139612
12478
56410
62048
14167
67773
12591
93517
134599
25226
75192
13824
12458
30115
12967
14984
25134
26064
50346
30778
51505
199797
29706
47470
89125
120278
102392
12960
12586
22738
187756
45929
36156
59096
15260
63187
71908
16870
110239
13370
63582
35815
76912
15646
36336
47044
26448
70907
12748
182988
15027
12456
79428
94425
12951
158056
31580
89177
43400
32147
176034
29562
12487
30130
49805
59609
14981
154063
12472
12532
16366
18050
118315
59198
80608
147056
90452
14593
15945
120001
33978
42362
12980
58539
22337
63471
55894
21559
47175
121923
15157
12463
46219
54155
70913
149205
65686
38440
100215
22012
132267
173561
110322
83884
28098
104843
192419
42357
171615
83708
56751
40399
41882
173078
181631
98105
64827
52242
59849
57366
35202
80740
15684
76017
24626
171882
55937
137380
41822
18824
127275
153147
16763
12475
76665
15687
13978
141685
20914
157235
52864
78268
52156
51982
33720
37322
131508
178883
196938
12493
26672
38058
85741
12591
51545
111035
13845
28532
15212
49865
101103
117391
79742
12466
148516
135236
100255
93058
12468
13775
144178
112527
89588
51908
141055
70051
16161
115249
54490
83836
36879
29169
12548
173229
181273
70427
70937
63168
161160
12596
148305
89644
65645
162819
176944
62421
29078
30180
28817
147529
97279
66333
23952
33278
164367
78569
15482
131526
153281
98343
79381
12515
13166
14234
19806
49431
75936
19350
140397
44858
28448
127391
96157
188833
26049
12490
17646
177130
192805
14518
73429
144809
87357
68210
138718
48142
164852
20517
33123
35963
44284
42583
28518
17609
56438
71754
13823
14775
28182
94619
16366
137797
108661
43859
184137
13705
13224
12637
82746
14948
22122
73097
41701
105800
39402
114263
120927
161464
15887
138549
32056
105406
176873
134041
13315
52508
26584
179954
13110
13326
16965
17161
16478
12508
76414
48843
101466
25017
26653
12757
45939
59334
92435
17919
36971
83350
60514
184854
40163
89927
78992
189245
121456
109057
72744
51498
38949
65901
38326
18373
34015
54869
19036
14007
13551
19804
150263
58658
116640
110919
