SOURCE=ip_minmax_P50_LMAX12.txt
STRATEGY=minmax
P=50
LMAX=12
PARTITIONS=20000
QUERIES=1000
1
0
1731
2
694
0
0
2430
104
0
0
0
0
0
14
391
0
0
0
0
18084
0
1
46
6
144
0
0
0
0
4443
0
0
0
0
0
0
0
349
384
0
145
0
0
544
2
4
43
0
0
0
12511
0
0
55
0
2
0
0
25
0
0
12
1686
1466
0
0
0
0
0
0
0
0
26
0
0
0
333
0
1509
110
0
0
0
0
0
2096
0
0
12763
0
1257
0
0
3699
0
76
0
0
1
0
0
0
0
0
0
0
0
29
0
98
0
3
0
0
482
0
0
0
2650
0
0
0
0
0
10
176
3
280
0
16572
0
0
0
0
13052
0
0
3224
0
0
0
0
3
0
3133
0
0
0
0
0
0
0
0
0
2
0
18078
857
0
5869
0
0
829
2
46
4
0
2414
160
4374
65
0
0
0
0
0
35
12
36
1289
5
0
0
0
0
0
0
1
0
0
0
0
0
0
9568
1632
0
43
0
186
15833
0
0
0
4
2
0
15608
1489
0
28
0
0
2
0
0
0
392
1
8
0
0
0
0
61
0
0
3
0
0
0
2869
2104
0
0
0
15002
0
0
0
0
0
0
0
539
10515
6050
0
0
0
0
81
0
0
846
4
3097
0
0
0
0
0
10
0
0
0
43
293
1823
0
0
1449
0
2
0
0
3297
0
0
18
2710
15
2
23
65
2
30
0
0
0
0
0
2941
0
1868
0
19126
0
10
2
0
8
0
0
0
0
0
3048
0
247
11
2
0
0
985
375
8
0
0
0
0
5
0
0
0
0
0
0
0
2355
0
0
0
0
3
0
374
878
0
29
0
0
0
0
0
0
525
0
863
66
0
9
0
0
195
0
0
0
0
11
0
27
0
0
55
1
0
5847
0
0
3
0
0
0
0
0
0
28
0
410
557
14946
1123
363
0
0
0
0
0
0
0
0
0
0
3081
0
0
0
0
1
0
374
0
1
0
0
0
9540
12139
19487
0
6
0
0
0
1246
0
186
0
7
1863
0
97
0
0
0
1
0
0
0
0
0
0
113
39
0
0
0
0
0
0
17
0
0
0
0
13342
866
17461
1249
0
0
12928
2
0
0
0
0
0
0
0
4
0
0
0
14
0
0
0
73
0
0
54
0
0
100
23
0
0
0
0
0
77
0
0
0
0
1088
0
2391
0
0
150
0
12402
2
54
0
0
15
0
1616
0
12870
0
0
2
0
0
0
14555
145
0
25
0
0
0
0
0
0
11965
0
0
0
0
191
0
0
0
0
0
0
85
0
23
0
74
0
0
8
5240
0
0
0
0
0
0
15
0
0
0
145
0
0
0
3574
0
0
1907
155
0
0
110
2
0
115
0
8
0
0
0
3
21
0
903
0
0
0
0
0
0
0
15
0
0
0
0
1452
0
0
11910
0
0
12
0
0
0
4
9
105
15611
0
0
0
2508
2
0
13457
5
8
0
0
6408
0
0
102
99
141
0
125
0
0
4
166
0
13855
0
0
12
0
0
0
36
0
11799
0
334
0
237
16
0
47
7947
442
0
0
551
0
22
0
0
0
8603
5383
0
0
4485
0
0
0
0
13771
0
0
0
115
341
0
571
0
0
0
0
0
0
0
0
0
0
530
0
0
0
0
0
0
5
362
0
0
0
0
0
0
0
0
0
0
0
0
19798
0
0
2
115
23
0
0
0
10617
0
0
0
0
0
2
0
46
0
0
0
0
0
0
0
0
0
0
8219
0
0
1
5
0
1945
0
2
0
0
5645
0
0
0
0
0
0
1486
0
0
0
0
97
0
1
904
2
0
0
113
0
0
0
0
0
0
0
0
0
127
0
0
0
0
1
1088
1
0
20
0
320
4896
46
6
0
29
13600
0
4256
2
0
0
0
4745
7600
9
0
0
0
0
0
4
0
0
0
4445
0
449
0
0
206
1412
0
0
0
0
0
619
0
1794
0
4
0
0
0
0
296
6624
17141
0
0
0
2
0
0
50
0
0
0
0
21
86
1
0
995
374
12
10
0
0
738
55
9
0
592
0
0
79
0
2
0
0
0
4782
7546
0
1
0
2360
0
985
2
0
2617
5931
0
0
0
0
967
9
0
0
0
2850
0
0
297
1374
15
1
0
0
0
0
0
0
0
559
0
0
208
12
11231
0
0
0
5877
13865
0
2
770
8
1
488
0
2922
0
0
0
0
0
0
0
0
2
0
0
0
11
0
462
37
0
8734
0
0
0
5
0
0
2
0
33
0
70
123
2340
0
487
0
30
5904
351
0
0
0
6914
0
0
0
0
0
0
0
0
22
0
0
0
0
0
4
0
0
5
0
9081
0
9
0
11482
123
40
2
0
0
0
0
0
0
0
0
0
0
0
1123
0
83
48
