007278
002601
005189
009098
000456
003501
002945
007489
000198
003245
008556
001698
006434
009367
000523
004156
007034
002389
009512
004456
007156
002712
005067
008434
007398
002267
005578
008167
000689
003467
006312
001801
009034
004234
007545
002498
009489
004389
007212
002834
005398
008045
007367
002567
005245
008523
000412
003201
006289
001623
009301
004267
007098
002689
009578
004345
007512
002456
005001
008312
007245
002901
005278
008467
000601
003312
006101
001201
009423
004198
007123
002798
009212
004123
007456
002534
005301
008589
007189
002867
005489
008078
000089
003789
006467
001501
009456
004234
007078
002645
009067
004301
007334
002423
005212
008256
007067
002756
005423
008134
000012
003856
006489
001012
009545
004389
007578
002345
009278
004456
007301
002989
005567
008012
007423
002601
005034
008489
000712
003267
