SOURCE=ip_charmap_P5_LMAX12.txt
STRATEGY=charmap
P=5
LMAX=12
PARTITIONS=200000
QUERIES=1000
199793
199868
198712
198722
199442
199071
199382
199948
199184
199551
199977
199973
199155
199940
199565
198923
199230
198673
198864
199985
198831
198581
197876
199301
199451
199942
199554
199860
199381
199814
198966
199701
197507
198958
198880
199267
199751
199003
199062
199220
199523
197989
199920
199854
199859
198992
198869
199968
199755
199617
199642
199688
198684
199991
199306
199695
198799
199968
198306
199467
199375
199754
199016
198575
198616
199237
199577
198579
199958
199946
199513
199899
199568
199993
198966
198629
199295
199203
199888
199961
199828
199346
198722
198999
198303
199917
199940
199977
199952
199799
199977
197767
199164
199911
199260
199694
199716
199692
198906
199856
199849
198849
199958
199704
199943
198367
199400
199643
198565
199112
199008
199024
198740
198482
198951
199924
199946
198368
199422
199668
199635
199820
199342
199877
199844
198856
199964
199415
198130
199575
199861
199358
199361
199982
199367
199268
199040
198834
199141
198428
199817
199327
199918
199684
199926
199576
199820
199927
199633
199834
199956
199266
199933
199813
198833
198864
199039
199503
198943
199369
199037
199761
199188
199622
197733
199095
199853
197727
199951
199916
198876
198771
199766
198376
199934
199226
199031
199087
198523
199454
199133
199299
198065
198699
199140
198816
198637
198984
199824
197349
199941
199510
199267
199973
199092
199843
199672
198089
199689
199981
199945
199224
198220
199636
198710
199105
198425
199019
199921
199913
197606
199804
197948
199727
198467
199922
199361
199930
199613
199827
199379
198249
198857
199491
197997
198865
199836
199807
197749
199887
199327
199993
198710
198579
199350
198999
198387
199874
198162
199961
197143
199438
199901
198091
199600
199957
199126
198361
199811
199425
198560
199696
199984
199543
198887
199187
198607
199730
199820
198367
199800
198784
198412
197938
198427
199864
198572
199992
198262
199782
199938
199932
198123
199945
199301
199294
199029
199108
198911
199971
199947
199572
198968
199819
199260
199943
199275
199405
199973
198622
199159
199337
198472
198950
198085
199318
199897
199425
199598
199760
198659
198757
198957
199827
199432
198935
198524
199773
199150
199677
199200
199863
198898
199346
199980
199226
198358
199934
199336
199994
199952
199459
196798
198259
199817
199940
199967
199224
199981
199497
198144
198883
199988
199603
199918
199949
198428
199448
198973
199415
199321
199330
199177
198850
199998
199045
199160
198919
198210
199215
199887
199963
199870
199095
199538
199971
198995
199928
198610
199901
198690
199079
199962
199260
199840
198575
199952
199126
199002
199242
199924
199808
199891
199884
199749
199194
199806
198859
198519
199096
199073
199927
199988
199105
199271
198686
199986
199047
198810
199812
198743
199954
199023
199777
199118
199250
199734
199928
199604
199179
199771
198616
198512
199876
199954
199967
199620
199819
199378
199961
198857
199853
199661
198474
199813
199834
198653
199881
199818
199986
199112
199614
198639
197947
199955
198815
199406
199986
199909
198086
199819
199275
198854
199557
198157
199991
199613
199063
199862
199595
198615
199404
199375
199927
199733
199739
199847
199862
198832
199229
199013
199025
199963
199805
199088
199340
199837
199783
198970
198848
199791
198633
199248
198467
199455
199900
199106
199723
199955
199877
199692
198513
199968
199050
198408
199986
199125
199176
198173
198811
199131
198119
198233
199576
199431
199903
199955
199967
199848
199888
199526
199241
198699
199819
199051
199629
199422
199316
198355
199692
199878
198977
198461
199939
196588
199921
199845
199900
199072
199261
199771
198952
199794
199576
199189
199324
199077
196847
199965
199182
198965
199731
199928
198801
199189
199839
199923
199376
199395
198827
199704
199750
198082
199212
198072
199881
197974
198677
198963
199909
199125
199235
199872
199959
199369
199869
199662
199873
199545
198642
199336
198564
199967
199765
199948
198934
199300
199085
199307
199744
199874
199418
199632
198564
199831
199993
199957
199466
199912
199905
199394
198173
198879
199951
198716
198472
199794
199100
199978
198941
199152
199219
197299
199477
198980
199907
199112
197773
199488
198712
199966
199830
199977
199698
199871
199774
199921
199850
199858
199969
199076
199770
199789
199472
199536
199955
198280
199905
199914
199690
199395
199769
198117
199176
198751
199943
198974
197339
199857
199922
199829
199371
198644
197958
199850
199784
199445
199014
199882
199350
199540
199783
199870
199357
199911
199858
198205
199180
199896
197976
199758
199097
199243
199981
198385
198983
198711
199074
199842
199308
199949
198533
199957
198563
199178
199899
199219
199289
198096
199915
199806
199360
198935
199339
199953
199507
198266
199505
199181
199901
199927
199985
199554
197042
199966
199027
199849
199149
199994
199322
199982
199330
199936
199910
199235
199200
199828
199904
199075
199394
199987
199847
198042
198993
199809
198923
199353
199465
199040
199583
199964
199906
199756
199686
199094
199921
199969
199623
197645
199437
198477
199869
199734
199965
198917
199966
199864
199672
199960
197357
199955
199865
199026
199440
198899
197724
199283
199312
198784
198669
199318
199164
199882
199939
199811
199718
199918
198979
199836
199346
199955
199887
198022
199259
198974
198111
199710
199968
199972
198760
198937
199778
199941
199948
199083
199304
198650
199892
199982
198119
198844
197699
199730
199985
199893
199984
199143
199172
199264
199783
198994
198907
199879
199658
199978
199116
198118
199460
199838
199226
197493
199141
199219
198975
199820
199412
199935
198875
199895
199193
199491
198529
199159
199939
199234
198788
198875
199684
199606
199213
199935
199515
199632
199335
199955
199407
199863
198956
199931
198559
199482
199445
199976
198874
198934
199177
199895
199892
199421
198962
199995
198114
199367
199731
199706
199387
199131
199905
199157
198290
199945
199790
198562
197893
199153
199705
197884
199870
198603
199574
197800
199753
198769
199568
199902
198724
199098
199876
199239
199210
198402
199216
199007
198995
198467
199953
199318
199913
199938
199330
199959
199601
197372
199945
199628
199756
199867
199974
199573
199729
199911
199268
199069
199834
198969
199816
199696
199901
198579
198572
199967
198622
199234
198288
199423
199963
199340
198333
198127
199953
199086
199191
197549
198833
199856
199614
199208
199230
199115
199891
198016
197514
199418
198757
199963
197859
197885
198533
199865
198671
198949
199090
199896
197805
199888
199788
199314
198681
199719
199912
199648
198388
198445
199946
199778
199943
198483
199884
199769
199917
199845
199886
199928
199867
198835
199874
199361
199720
199136
199620
199823
197750
198935
199597
199944
199466
199961
199955
199164
198441
199316
199210
197326
199829
199046
199949
199887
199097
199870
199712
199744
199508
199660
198310
199932
198672
199195
199316
199915
199456
199258
198797
199953
199231
199932
198403
199864
199289
198696
199361
199349
199295
199854
199964
199905
199976
199918
199580
199987
198767
198575
199978
199973
199978
198544
199888
199888
199973
199556
199075
