SOURCE=ip_charmap_P10.txt
P=10
LMAX=12
PARTITIONS=100000
QUERIES=1000
97391
97914
89598
89387
95158
91836
93806
99227
92596
95326
99346
99400
91394
98737
94265
92232
92690
89228
91577
99682
89293
87876
86659
93374
94327
98628
94838
97123
94026
97919
91385
96610
82163
90781
89902
93325
96745
91046
91809
92130
94921
85919
98455
96874
97528
90882
90243
99313
96903
95109
96552
96821
90402
99737
93186
96926
90073
99458
87825
95309
94758
95682
90893
89155
88388
93049
95731
88359
99521
98390
94957
98681
95411
99841
90134
89077
92433
93207
97921
99099
96899
92764
90749
89547
86518
98206
98574
99040
98923
98035
99172
83226
90860
98508
92338
97114
96830
96735
90383
97215
97421
88692
99532
96639
98612
89575
93626
96214
90309
91774
91808
91468
89445
87876
91559
99023
99352
86929
94559
96052
96619
96402
92802
97701
96738
89716
99289
94188
87780
96219
97495
93365
92597
99827
93718
95328
91537
89255
93352
88853
97275
93553
98605
96051
98037
95311
95758
98990
95950
97278
99080
92301
98611
98221
90237
89967
91428
94867
91482
93851
91611
97584
92676
96042
84451
91168
97117
82400
99054
98126
91236
91122
95762
90069
98178
92410
91636
91619
87489
92422
92251
93068
87349
89399
91654
90470
90306
90938
97232
82286
98825
97036
93344
99451
91429
97378
95673
85108
96115
99730
98903
94066
87794
96166
89552
92404
86935
91010
98656
98887
84327
97045
85146
97153
88219
98739
93750
98171
94936
97190
94214
86957
88828
95172
84543
91715
97093
97780
82291
98428
92461
99821
87984
88901
93447
90708
87950
97317
86406
99036
83616
93130
98126
83818
94905
99379
90911
87528
98186
93885
89310
96598
99648
96078
91003
93429
88330
96062
97271
86573
96927
91114
86962
85660
88427
97671
89539
99767
86610
97368
98737
98897
86584
98854
93481
93378
91760
91296
89955
99641
98739
93649
90299
96696
94149
98553
93605
92907
99241
89111
91939
92425
89331
90892
86179
93949
98297
94000
94246
95743
89570
90287
91411
97863
94340
89969
87840
96064
91647
96904
92153
98025
90149
92902
99148
93749
89456
98270
93269
99794
98954
95380
80152
86754
96560
98316
99407
92921
99792
94177
87423
90999
99485
95975
98427
98542
87378
94075
91061
94377
92854
92381
91230
90714
99859
91224
92465
91515
87016
93973
97881
99090
97544
92518
95631
99596
90930
98657
88677
98243
88375
91965
99228
92782
97616
89173
99085
92854
91547
93109
99122
96941
97822
97729
96547
92367
97439
90813
89793
92075
90438
98948
99790
92277
93381
90725
99644
91599
90279
97646
88625
99113
91857
96774
92587
93778
97769
97946
95684
93002
96740
89873
89007
97831
98549
99299
94435
97147
94654
99377
89778
97171
96292
87049
97426
98045
89415
98112
97218
99659
91775
95880
88122
86328
98604
89106
95704
99775
98353
87532
97693
93167
89164
93429
87333
99752
95875
91609
97174
95499
89735
94030
93838
98368
97307
95874
96846
97836
91555
91984
91160
91651
99157
96581
92847
92244
96063
96751
91253
90403
96707
89575
93561
89037
94756
98448
91472
96270
98997
98038
95689
87914
99406
91004
89033
99380
91489
92476
87208
92048
92706
84486
87243
95532
93405
98935
98797
99456
97347
98303
95717
92097
87821
96477
90076
96495
92500
93398
89004
97969
98278
91306
88460
99319
81568
99061
96941
98365
91621
92787
95968
91165
97195
95586
93159
93557
93092
85506
99514
92139
91047
96873
97665
90870
94221
97846
98576
93594
92649
90683
96212
97116
86620
93110
85122
97951
87077
89888
90211
98345
93122
93583
98569
98739
93344
97582
95723
97468
96097
88381
92563
89725
99533
96870
98659
91152
93789
91972
93800
96646
97356
94837
94747
87259
97553
99714
98810
94171
98529
97628
93622
84261
90162
98904
89704
89324
97026
91941
99375
91602
92306
92553
84124
94347
90560
98024
90851
85870
94936
88999
98899
97792
99727
96753
97430
97626
97872
96889
97400
98961
92253
97294
97428
95088
95562
99173
87378
98525
98854
95835
93879
97244
86705
92865
90754
98550
90257
83119
97132
98965
97160
92210
90512
85675
97040
97129
94305
91955
98335
93502
95158
97094
98199
93773
98532
97250
87352
92176
98172
86998
96512
91950
92622
99548
87920
91317
89729
92443
97106
93536
98781
88063
99098
89585
92602
97804
91725
94263
86305
98142
96072
94972
91871
93637
99104
94794
87081
94256
93171
98047
98696
99357
94406
80862
99073
90961
97017
90986
99818
93806
99701
93507
99227
98338
92864
91558
97911
98467
92532
93324
99642
96731
85808
91285
97335
91763
93870
93822
91969
96324
99181
98017
96777
93732
92356
98360
98698
95505
85195
93546
88719
98273
97084
99158
91585
99577
97693
96627
99153
85379
99029
97947
91015
94225
90598
85129
92312
93564
91858
88957
94042
92928
97530
98902
97196
97002
97920
91373
97184
92772
99200
98412
86543
91814
91411
88038
96648
99268
99207
90414
90688
96515
98379
98742
92202
93853
89425
98746
99619
86739
90872
82369
97056
99621
98176
99752
93239
92632
91888
96100
91773
91145
97989
95096
99383
92531
85747
95047
97198
92384
83760
90574
93159
89816
97730
93382
98749
89820
98155
92698
96047
89218
92858
98085
95141
91356
89305
96535
94605
91797
98424
94948
96235
92975
99272
94612
98301
92522
98481
88170
94173
95037
99422
90545
89631
92677
97861
98153
94223
91206
99643
87822
93688
96569
96106
94462
93110
97599
92483
88082
98716
96653
89072
85879
92670
95897
86323
97330
89970
95375
84172
96720
90961
95231
98369
89879
92089
97245
92951
92861
89216
93296
90292
91321
89277
98625
93552
98458
99254
93109
98659
94967
84462
98717
95464
96265
97705
99685
95811
97035
98308
92840
92125
97740
91165
96763
96538
98754
88345
90519
98417
87722
92530
86838
92895
99232
94392
87943
85204
98415
90985
92669
83971
91605
98618
96135
91464
92057
91744
98418
85501
84780
92725
90240
98612
86208
84928
89293
98249
90767
90544
92986
98099
83325
98613
96103
93866
87504
95557
98367
95010
88391
88692
98872
97490
98901
88175
98583
97541
98784
97129
98036
98435
98358
90999
97790
93852
97123
90806
94790
97360
84166
90104
96565
98725
95345
98836
98782
93081
88115
94017
93106
83203
97723
90474
98990
98367
92340
98103
96631
96875
94582
96840
88385
98409
89051
92001
93608
98312
94264
92951
90600
98682
91832
98929
88691
97782
94312
90142
93697
94309
93440
97650
99136
98195
99545
98272
95821
99544
89503
88061
99765
99292
99376
87619
99047
98227
98897
95074
92803
