SOURCE=ip_charmap_P50.txt
P=50
LMAX=12
PARTITIONS=20000
QUERIES=1000
6124
2214
799
644
1821
1062
1216
7257
1470
1868
5473
10850
980
5823
1184
1379
1001
588
1277
11649
543
696
409
1010
1374
5551
1642
1782
1601
5300
974
1751
146
794
697
1304
2131
676
959
1254
1460
457
3353
1464
2082
687
856
11042
2312
1594
2902
1634
882
12964
1043
2268
674
11526
1067
2057
1638
1050
791
476
383
1078
2114
855
11582
2554
1591
10958
1671
12684
570
521
1251
1209
3603
4837
2540
748
1143
650
252
2374
5419
3155
3584
3763
3794
160
631
3680
1106
5898
2534
3658
906
1649
2511
406
13320
2098
3480
771
960
2205
778
941
1286
782
834
322
897
5704
11375
480
1450
1663
3883
1983
1099
2162
2781
549
11497
1441
525
2369
2273
1329
786
13152
1476
2167
1104
543
2989
779
5208
1224
6536
1476
2426
3201
1075
6700
1974
2036
4447
673
3395
4277
824
671
958
1857
1135
1364
1000
3491
1000
2184
341
660
2894
142
4877
5128
2891
807
1901
667
4854
933
1001
875
344
543
1190
959
1131
433
931
731
1259
978
3261
240
5402
2525
1116
11858
758
1790
1519
275
1825
12271
6688
1762
359
3386
858
1402
237
1044
3857
6116
297
1742
296
2938
367
3942
1012
3625
1762
1821
1176
482
403
1603
198
935
1795
3786
142
2938
848
13536
370
732
1181
659
451
2127
398
4485
364
982
3289
152
1354
6245
826
408
3177
1594
838
1918
11555
2038
842
1441
783
3187
2132
256
2112
1364
364
346
703
1779
703
12958
271
2622
4683
5792
240
5638
1268
1214
958
645
683
13029
3314
747
442
1484
1657
3401
1622
962
5772
669
1275
875
590
925
367
1743
2656
1389
1223
1219
805
831
898
3231
3133
616
474
1371
829
6119
783
2723
773
937
6423
1779
1125
2992
1036
12811
2724
3404
137
413
2535
3882
10973
1121
12759
1540
651
1022
11030
3378
3648
5221
486
1583
716
1380
1040
1073
520
852
12524
933
1107
1163
786
1672
3145
5638
2541
928
1868
12069
767
4202
470
2243
368
1226
6884
1198
4567
518
11100
1399
1131
1324
5845
2497
2978
3045
1840
863
3828
1155
682
1218
1022
10632
13051
1229
1318
844
7680
905
563
3185
668
5966
775
1657
1190
3059
2617
1863
2042
1386
2972
751
586
5266
3238
11608
1284
2792
1708
11693
690
3322
2174
422
5150
6245
781
3430
1700
12127
812
2164
525
746
2419
393
2653
12185
3939
605
4102
1127
447
762
461
11370
3499
1073
2243
1703
902
1160
1076
2989
4911
1468
2553
5149
1127
751
873
842
5390
2528
1426
725
1209
2043
888
1057
2292
793
1280
594
3275
3490
1032
2228
3919
2277
1610
827
6428
616
568
3535
916
1054
772
1091
1050
160
435
1740
1109
3960
3988
10837
1920
3350
3525
746
331
2086
670
2739
764
1225
769
6508
3973
1135
523
10723
172
5639
2710
2641
731
851
2391
813
3069
1283
1561
1088
1317
683
12959
1063
890
1993
1608
1326
3366
5168
3491
1215
786
922
5052
5279
282
1448
253
2876
332
683
610
3137
1171
1269
3758
3012
1063
1988
3105
1867
2060
437
1048
821
13031
4904
5665
911
1353
972
1027
3666
2394
1729
1033
237
5201
12963
2855
1670
2706
1968
1160
195
844
6560
703
726
1825
1082
4648
1346
1101
1047
325
1281
686
3798
553
393
1894
707
3375
2487
12181
2562
2041
5933
2777
1599
3436
3068
1100
1672
1877
1949
1893
4665
290
6426
5484
1712
1383
3623
729
1316
737
3987
533
265
3389
6529
3696
737
946
237
2074
2986
1141
1074
5085
870
1428
1726
3551
1205
4192
2938
348
867
2576
424
1902
916
915
10987
614
1136
1086
1289
3213
1229
3709
601
5814
671
937
3171
703
3202
261
2041
1435
3376
1158
1158
4553
1279
477
1538
1546
2440
2548
5010
1307
201
3506
892
2784
957
12160
1295
13050
1311
12433
2502
1012
857
3466
3639
1248
1162
11344
1644
264
691
2244
1227
1194
1365
1162
1863
6787
3811
2241
871
921
5474
2765
1476
283
1133
557
4268
2093
4273
821
11574
5089
3712
4824
448
3755
2844
868
3047
877
324
786
1075
1035
404
1405
1200
1905
5658
2629
3659
2098
777
4722
1141
11106
6559
314
716
1077
817
2223
4354
4280
834
866
1948
2689
2363
1388
1395
664
3317
12540
503
833
149
3012
12192
3352
12197
1317
952
602
1314
851
795
4027
1457
11201
1199
341
1905
1847
1051
254
626
1000
670
3136
1131
4045
469
5430
1266
1578
860
1385
2941
1936
1031
490
2189
1049
848
3260
2108
3656
1011
6116
3220
6582
1282
3328
471
1113
1839
6922
749
462
1469
3110
3285
1387
957
11367
845
1121
2013
1522
1766
1390
2402
1138
408
5382
1592
524
305
953
1770
457
3347
808
1758
264
2034
939
1833
3523
687
912
1738
1282
1200
798
1001
560
983
660
2367
1277
3179
12609
878
5154
2221
278
3680
1993
1220
3112
11664
3471
3493
5232
1358
1010
4743
935
2617
2771
3542
491
1220
2666
397
755
432
2892
5983
3392
465
228
2746
880
1120
178
1250
4863
2500
612
1100
1216
3611
239
318
961
742
3018
376
245
686
5039
1075
910
1509
3659
163
4005
1988
3106
386
2406
3571
1419
591
561
3667
3842
3255
557
3666
3101
6523
2942
3785
2531
3798
719
5058
1253
3081
665
1730
1795
324
875
2250
3334
2196
3876
5761
2983
406
1661
1160
312
6080
611
4699
3337
1104
3112
5851
3641
1705
3649
662
6160
805
932
1286
2346
1161
1017
1167
3368
1119
3959
612
3254
1812
799
1446
1830
1290
2992
3286
5054
11475
3137
1816
10976
1082
253
11941
3887
11619
345
7295
10067
3988
1560
1161
