SOURCE=ip_charmap_P200_LMAX12.txt
STRATEGY=charmap
P=200
LMAX=12
PARTITIONS=5000
QUERIES=1000
41
0
0
0
0
0
0
12
0
0
9
318
0
15
0
0
0
0
0
318
0
0
0
0
0
15
0
0
0
9
0
0
0
0
0
0
0
0
0
0
0
0
0
0
0
0
0
359
0
0
2
0
0
344
0
0
0
352
0
0
0
0
0
0
0
0
0
0
359
0
0
412
0
358
0
0
0
0
3
3
0
0
0
0
0
0
15
0
2
0
0
0
0
0
0
41
0
3
0
0
0
0
449
0
0
0
0
0
0
0
0
0
0
0
0
9
318
0
0
0
3
0
0
0
0
0
321
0
0
0
0
0
0
421
0
0
0
0
3
0
15
0
41
0
0
3
0
41
0
0
2
0
0
3
0
0
0
0
0
0
0
0
0
0
0
0
0
0
3
15
3
0
0
0
9
0
0
0
0
0
0
0
0
0
0
0
0
0
0
0
9
0
0
412
0
0
0
0
0
362
41
0
0
3
0
0
0
0
3
15
0
0
0
0
0
0
0
0
0
0
0
0
0
0
0
0
0
3
0
0
0
399
0
0
0
0
0
0
0
3
0
0
2
0
0
15
0
0
0
0
0
0
350
0
0
0
0
3
0
0
0
0
0
0
0
0
0
372
0
0
3
15
0
15
0
0
0
0
0
354
2
0
0
0
0
0
0
0
15
0
0
0
0
0
0
0
0
0
0
0
0
0
0
0
3
0
0
0
0
41
0
0
0
0
41
0
0
0
0
332
0
3
0
0
0
3
359
0
320
0
0
0
308
3
2
9
0
0
0
0
0
0
0
0
326
0
0
0
0
0
0
9
0
0
0
362
0
3
0
0
0
0
41
0
9
0
412
0
0
0
9
2
0
2
0
0
3
0
0
0
0
318
421
0
0
0
41
0
0
2
0
9
0
0
0
3
0
0
0
0
2
0
0
15
0
412
0
0
0
359
0
3
0
0
15
41
0
0
0
362
0
0
0
0
0
0
0
360
3
0
3
0
0
0
0
306
3
0
0
0
0
0
0
2
9
0
0
15
0
0
0
0
9
0
0
0
0
0
0
0
0
0
0
0
3
0
0
0
0
0
0
0
15
0
0
0
0
0
0
0
0
0
0
0
0
0
3
306
0
2
3
0
0
0
0
0
0
0
0
41
3
0
0
306
0
9
0
0
0
0
2
0
0
0
0
0
0
0
424
0
0
0
0
0
3
9
0
0
0
0
15
15
0
0
0
2
0
0
0
2
0
0
0
0
0
0
3
0
0
0
0
0
399
15
15
0
0
0
0
3
0
0
0
0
15
372
0
0
0
0
0
0
0
41
0
0
0
0
3
0
0
0
0
0
0
3
0
0
0
0
0
0
359
0
0
41
2
0
3
0
0
0
0
0
0
3
0
41
9
0
0
3
0
0
0
3
0
0
3
41
3
0
0
0
0
2
0
0
9
0
0
0
0
0
3
0
0
0
0
0
0
0
0
306
0
0
0
0
0
0
2
0
15
0
0
0
0
3
0
0
0
3
0
0
3
0
0
0
0
0
0
3
0
0
0
0
0
0
321
0
354
0
365
0
0
0
0
0
0
0
412
0
0
0
0
0
0
0
0
0
41
3
0
0
0
15
0
0
0
0
0
3
0
2
0
359
15
3
3
0
0
0
0
3
0
0
0
0
0
0
0
0
0
15
0
3
0
0
9
0
412
41
0
0
0
0
0
2
0
0
0
0
0
0
0
0
0
0
332
0
0
0
0
362
0
412
0
0
0
0
0
0
3
0
318
0
0
0
0
0
0
0
0
0
0
0
3
0
15
0
0
0
0
2
0
0
0
0
0
0
0
0
3
0
15
3
41
0
0
0
0
0
12
0
0
0
0
0
0
0
412
0
0
0
0
0
0
2
0
0
15
0
0
0
0
0
0
3
0
0
0
0
0
0
2
0
0
0
0
0
0
0
0
0
0
0
0
0
372
0
15
0
0
2
0
0
0
350
3
3
9
0
0
3
0
2
0
0
0
0
2
0
0
0
3
15
3
0
0
0
0
0
0
0
3
0
0
0
0
0
0
0
0
0
0
0
0
0
9
0
0
0
3
0
0
0
3
0
0
2
0
0
0
0
3
0
0
2
0
41
2
3
0
2
0
15
0
0
0
0
0
0
0
0
0
0
2
15
3
0
0
0
0
41
0
3
2
0
0
41
3
0
3
0
41
0
0
0
0
0
0
0
0
0
0
0
0
0
0
0
0
0
0
0
9
352
0
0
318
0
0
359
0
412
0
41
306
3
0
0
