SOURCE=ip_charmap_P100_LMAX12.txt
STRATEGY=charmap
P=100
LMAX=12
PARTITIONS=10000
QUERIES=1000
780
29
10
6
22
17
11
622
34
28
430
2566
14
569
17
32
5
4
30
2634
7
7
1
8
9
558
22
21
17
439
10
25
0
5
4
14
37
8
10
14
20
2
113
20
30
7
8
2755
46
23
110
19
11
3049
6
51
7
2673
14
40
21
5
3
0
2
12
44
13
2776
40
14
2825
21
2890
2
2
12
12
211
239
102
5
19
4
0
33
556
59
113
127
74
0
3
124
11
779
50
217
12
20
102
1
3381
27
118
3
4
29
4
16
20
5
10
1
4
438
2598
7
15
18
216
48
10
26
115
0
2690
24
2
54
31
11
3
3098
12
37
16
1
200
11
553
11
803
13
55
201
13
793
35
26
153
3
115
220
5
4
15
33
12
14
9
124
11
29
2
3
110
0
254
549
200
5
48
4
425
7
6
7
0
2
13
7
30
2
16
5
20
9
119
1
431
30
9
2890
5
25
19
2
25
2906
796
42
1
203
9
34
0
17
215
572
0
17
2
113
2
132
8
130
19
25
7
7
3
12
1
7
28
218
0
60
3
3312
3
7
12
2
2
49
2
223
1
7
113
0
9
566
8
2
67
18
16
21
2635
41
10
17
15
201
34
0
42
21
2
0
9
18
3
3137
2
35
244
567
1
556
18
12
8
2
3
3119
109
6
0
20
36
121
33
15
555
4
14
4
4
11
0
45
43
13
17
14
10
9
4
112
202
0
1
12
8
786
4
61
9
3
788
41
30
103
5
2964
33
205
0
1
103
219
2745
16
2882
17
8
12
2545
204
128
431
7
20
6
20
17
14
4
7
2856
10
8
13
11
16
117
438
53
8
26
2904
4
217
0
25
0
13
798
10
416
2
2828
32
18
19
454
101
104
117
24
7
207
14
4
10
12
2559
3101
13
11
8
833
5
0
115
7
447
2
15
17
200
33
20
20
17
113
3
4
552
118
2887
15
105
23
2812
9
206
32
2
553
788
4
119
17
2905
9
28
0
10
33
1
57
2827
219
4
212
5
2
5
2
2514
215
11
51
17
8
7
6
108
427
19
102
549
9
8
7
7
432
102
33
4
16
43
8
18
54
8
14
5
204
125
16
52
124
29
21
12
576
2
2
70
9
17
15
16
10
1
2
23
13
125
218
2490
30
117
207
3
1
49
3
65
10
13
3
790
217
10
1
2487
1
430
104
56
0
9
99
9
115
13
34
6
18
6
3188
16
5
27
26
31
208
430
118
17
2
8
551
554
1
31
2
113
1
4
4
113
7
15
122
55
8
27
202
23
27
2
18
10
3301
549
557
4
12
6
4
212
51
19
8
0
554
3141
39
32
51
22
17
0
7
793
3
5
24
4
222
32
12
12
1
10
5
216
2
1
30
6
71
37
2826
55
47
779
107
23
213
59
14
18
19
33
30
226
0
790
429
25
13
209
11
20
6
220
2
2
213
785
220
5
10
0
49
108
14
11
422
4
16
17
122
9
217
113
2
4
28
0
46
8
6
2512
7
12
14
14
131
9
124
7
559
9
8
116
4
201
0
37
16
202
14
16
224
8
3
19
34
33
36
256
12
2
65
5
112
16
2705
21
3117
11
2982
27
11
3
120
124
16
17
2829
20
2
2
34
11
10
15
18
29
791
220
51
11
9
556
63
19
1
10
7
227
30
126
7
2773
550
205
234
4
76
58
5
201
16
1
3
7
11
1
17
13
26
562
105
207
22
7
419
8
2826
795
2
1
16
10
28
133
153
4
5
25
57
27
25
17
4
74
2958
1
6
0
115
2905
111
2867
19
3
3
15
9
7
224
20
2620
15
1
29
26
7
1
4
6
1
114
15
219
2
555
32
13
15
20
111
21
8
0
36
13
7
117
49
217
8
562
201
795
11
118
0
10
20
610
3
2
31
115
112
13
16
2834
16
16
32
15
27
18
99
17
1
551
10
3
1
7
20
3
207
8
22
0
32
17
38
121
5
4
17
32
15
5
5
0
15
4
30
8
65
3134
5
551
100
0
119
39
7
109
2642
209
207
445
31
8
299
7
102
108
114
3
13
101
2
3
4
200
574
208
2
1
107
15
10
0
23
232
56
1
16
14
125
0
0
7
8
108
2
0
8
425
12
13
18
209
0
132
48
200
0
101
121
16
4
4
95
221
71
5
124
113
792
110
217
53
129
8
549
23
117
6
20
17
1
11
29
78
43
131
562
201
0
20
12
2
784
9
239
110
18
73
782
205
39
209
3
782
9
10
14
34
17
6
12
117
12
137
2
118
31
3
16
47
18
107
61
428
2667
74
18
2569
13
0
2783
77
2885
2
806
2472
217
16
13
