P=10
LMAX=12
96251
96925
95673
97565
96688
96421
95827
97798
96711
97814
97459
97993
95850
96812
97165
96976
97168
96850
97382
97353
96048
97213
96279
96810
96802
96861
97548
96283
96634
97154
96044
96424
96943
95809
96949
97871
97147
97229
96388
97523
97759
97204
97660
96100
96990
97362
96335
96199
97221
96117
97904
95610
95987
97141
96379
96580
96481
97268
96563
96199
97133
97244
96765
96658
97756
97191
96428
96541
97213
96847
98017
95967
96938
98265
96953
97452
96244
96647
97218
96106
96783
96672
97691
96326
97084
97318
97419
95642
97395
96664
96927
97506
95891
97048
97699
97803
96190
97446
98173
96706
97120
97194
96929
97202
97642
97634
97272
97799
97542
97074
97175
97010
97264
98009
95698
97754
96530
97458
97540
97297
96845
96964
97435
97856
95665
97352
96936
96993
97317
96593
96078
97332
96119
97471
96888
96701
97654
96710
97246
97904
96683
96964
97262
96862
96899
96971
96739
96732
95706
97874
97392
96799
96721
96939
97033
97784
96451
96591
96465
97135
96935
96469
97637
97792
97807
96686
97090
97526
96441
96403
97508
96399
96960
97395
96821
97721
96050
96903
97102
96959
97565
97428
96627
95910
98001
97292
96493
96709
96380
96154
96392
96824
97528
97265
97802
97674
97435
97345
97742
96318
97827
97917
97191
97261
97186
95887
96837
96423
96461
97445
96655
97230
97983
97118
96715
96210
96480
96729
97757
97095
96435
96228
95830
96413
97425
96653
96860
97273
97558
96450
96512
96909
96004
96705
96863
96002
97668
97894
97514
96080
97012
96813
96554
97522
95963
97112
97223
97394
96776
96933
96989
97289
96278
97710
96450
97465
95929
98345
96300
97406
96240
97262
96506
96447
97119
97490
98309
96863
96483
97438
97293
96489
96995
95824
95911
96310
96189
97140
97285
96772
96791
97279
96841
97439
96199
97863
96745
97339
96046
96801
95958
95348
95940
97065
96751
96683
97869
97740
96688
97253
97176
97477
98073
97494
97291
96792
97282
96860
96118
98398
97545
95907
96818
96016
96627
96544
97088
95762
96735
97428
97014
96467
98006
97571
96545
98339
95509
97452
96529
97204
95326
97816
96058
96247
95858
97760
97051
97640
95335
95849
97829
95809
97457
96877
96749
96943
96723
95822
97221
97499
96791
96764
97553
97471
95634
97137
98047
98300
95925
96811
97718
97348
97389
96548
97412
96496
96004
97021
97132
97291
96721
97704
95236
97501
97421
96367
96252
97552
96481
97353
97335
97548
96839
97341
97046
97881
95762
97411
96898
97544
96813
96408
95960
97160
96534
97844
96932
96799
96044
97682
97497
97646
97325
96837
96869
96789
96813
97084
97048
96380
97076
97952
97450
95828
96593
97010
97294
95819
95736
97618
97877
96579
95795
97087
95970
96057
95891
96277
97444
96896
96434
96543
95828
97542
96585
97518
96152
95956
96614
97286
96716
98045
97264
97551
96750
97738
95729
97319
96809
97368
97572
97071
97944
96592
96390
97762
98087
97990
97905
96374
95677
96832
96115
96103
96569
96748
96408
95715
97822
97250
96423
97422
97578
97213
97153
96730
96466
97024
97234
96611
97221
96165
97571
96775
96517
97202
97763
95522
96462
96309
97485
97384
96103
95979
96978
96527
97783
96773
97804
96881
96898
95846
97613
96905
97655
96287
96555
97500
97504
97515
96758
97283
96956
96831
97152
97959
96180
96983
96915
96864
96297
96916
97600
97228
97519
97334
96987
97582
96902
96459
96639
96373
97696
96680
96706
97167
97138
97070
97198
97483
97759
96149
95359
97264
98091
96394
96718
96149
96450
96571
96645
97782
96723
96599
96918
97273
97768
96035
96992
97431
96795
97372
96637
96971
97249
96798
97313
96612
97516
96732
98384
96520
96682
96116
97446
98017
97738
96525
96720
96711
96848
96467
97578
97519
96700
97195
96610
96691
96994
98314
96606
96644
97109
96690
97539
97030
96776
96544
96961
96943
96860
96982
97494
96608
97526
96782
97272
96433
95929
97048
97143
96760
96686
96513
96692
97714
96706
96819
97347
97020
96641
97312
96954
96907
96712
96593
97477
97905
95893
96183
96608
97425
97537
96298
97633
95476
96881
97140
96729
97028
96777
97510
97124
95835
97670
95745
96846
97327
96794
96724
97539
96290
96997
95922
96729
96618
97290
96772
98291
97026
96076
97545
96614
97599
96400
96398
96015
97014
96742
95714
97098
96818
96764
97271
96839
97355
96758
97397
96778
97280
96283
96265
97044
96645
97041
97542
97173
96772
96733
96320
96692
96462
96425
97529
96719
97118
97468
98399
97207
96874
96701
97384
97437
97653
95997
97611
95915
97524
97033
97790
98143
97806
96615
97160
97338
96210
97057
98232
96365
97505
97817
97651
95896
95819
95770
96703
97454
97020
96425
98278
97913
97943
97438
96881
97471
97382
97884
97276
97864
96936
96411
97279
97496
96907
97322
96353
96921
97016
96722
95897
96357
96877
97202
97401
97333
96727
96794
96774
97390
97630
97209
96604
97289
97927
96340
96520
95884
97560
97274
96948
97628
96512
98287
95858
97973
96713
97492
97180
96206
97763
97846
96372
97144
97465
97730
97262
97623
97344
97529
97090
97934
96716
97864
96857
96313
97162
97772
96421
96163
97562
96932
97255
96063
96745
97510
96796
96821
97425
97574
97325
97803
96568
96771
97958
97308
97219
96728
97510
96565
96956
97460
97492
97575
96088
97458
95858
97149
96865
97294
97034
96538
97161
96534
97302
97581
98009
96832
97255
95966
96992
97536
97205
96728
96594
96975
97043
97847
97333
96183
97145
96106
96890
97244
96984
95800
95688
97369
95975
97376
96660
96978
96147
96570
96903
95648
97728
97439
97263
96373
95587
96930
96439
97111
97562
95521
97482
96441
97385
97766
96601
95842
95854
96843
96738
97718
97165
97979
98282
97844
95781
96920
96485
97562
96101
96485
95844
97519
96516
97822
98249
95911
96334
96458
97805
97063
96907
96513
96566
96993
96386
97182
97841
96555
96551
95791
97717
97459
95372
96185
97469
97553
97950
97122
96400
96710
96424
96994
97787
96114
97439
97603
96573
96043
96002
95924
97482
96173
97171
97514
96858
96875
96790
96203
95624
97754
97272
97483
96314
97807
96057
96560
98037
96594
96135
97222
97574
96412
95786
95798
97219
96837
97476
95892
97566
97416
97425
97757
97367
96728
96852
97344
96149
96408
97004
96659
95998
96721
96360
97172
96168
96333
97193
97123
97514
95712
96903
97385
98349
96513
96076
97775
96622
97736
96754
95849
96515
96131
97327
96277
96931
