P=100
LMAX=12
1
3
3
7
7
5
1
11
7
9
4
14
1
4
7
2
4
4
2
5
1
3
2
3
6
2
2
1
2
5
4
6
4
1
7
11
6
8
2
10
8
6
7
1
5
12
1
3
7
1
12
2
2
7
2
2
2
5
2
0
4
8
1
4
5
4
2
3
12
7
15
2
4
19
8
6
0
6
11
4
6
4
10
6
2
8
5
2
9
2
3
8
1
7
9
7
2
10
9
7
2
9
3
9
5
8
1
3
7
4
11
6
5
12
1
13
5
4
10
6
4
6
5
8
2
7
3
4
8
7
3
4
2
12
5
6
9
3
10
13
6
5
3
4
6
5
6
4
0
9
6
7
2
6
3
10
7
6
1
4
5
7
11
4
9
6
4
11
1
6
11
3
5
3
3
9
1
8
2
1
12
9
2
2
8
6
1
3
2
4
3
4
11
6
11
9
9
7
13
2
8
9
5
6
8
2
5
0
6
6
2
7
11
5
5
1
4
2
7
5
5
2
1
6
8
1
7
7
3
5
4
6
1
5
3
1
16
6
10
2
2
7
3
6
0
6
10
8
5
5
4
4
3
13
4
14
3
13
8
11
2
5
3
4
2
5
13
4
6
5
3
4
4
1
2
1
0
10
8
4
7
12
10
10
0
12
6
7
2
3
2
2
4
5
3
0
5
12
3
10
9
6
13
3
9
4
9
7
2
19
4
3
5
1
4
2
11
3
7
10
4
5
15
11
5
8
1
4
8
12
4
12
2
2
4
18
4
7
2
2
13
0
8
8
4
6
6
0
7
6
5
5
8
3
1
7
14
13
2
8
12
4
9
0
11
3
1
5
2
8
6
5
3
13
10
1
6
6
9
6
9
6
1
9
3
15
2
10
7
7
2
4
2
6
8
13
6
3
3
10
7
8
8
9
2
5
5
6
8
5
5
17
7
0
9
8
7
1
1
7
15
9
2
8
4
1
1
0
5
5
3
6
0
5
4
7
1
2
2
6
6
12
3
7
2
7
1
8
3
13
8
6
12
9
1
9
9
9
7
2
2
3
1
4
7
1
1
2
13
8
4
7
5
9
6
7
3
6
7
8
6
1
4
4
4
9
9
2
3
4
2
9
0
1
4
3
7
4
10
1
3
2
14
4
7
2
3
7
9
8
5
8
4
3
2
7
1
6
3
5
3
3
4
6
9
9
7
9
3
8
7
3
11
1
7
5
4
8
7
9
8
4
2
5
13
2
4
1
8
5
2
17
4
2
7
4
11
1
1
9
1
8
5
3
9
6
7
4
7
3
13
6
4
2
2
8
11
2
6
5
4
5
8
9
3
9
2
7
8
17
5
5
5
2
10
2
4
6
4
6
6
8
10
2
3
1
6
4
3
4
5
7
2
2
4
7
3
10
11
3
4
4
5
7
5
6
5
16
2
2
5
9
6
2
6
3
3
8
5
0
5
12
8
2
3
2
5
12
2
3
10
3
1
1
2
5
10
4
20
2
3
4
3
8
4
5
1
4
6
3
4
4
6
11
1
5
2
6
2
12
0
2
2
7
4
5
8
1
7
1
4
4
7
10
2
5
8
9
5
3
7
8
8
7
0
14
0
7
1
14
8
10
5
6
6
2
3
17
1
9
6
4
0
2
1
3
9
3
3
14
8
12
9
6
7
8
10
9
9
6
0
12
6
7
4
5
5
4
6
0
5
5
9
8
9
3
6
5
7
11
10
1
13
6
4
5
2
5
5
5
6
7
14
2
17
5
5
6
3
4
9
5
4
9
11
9
8
12
9
2
5
2
7
3
1
7
10
3
1
9
7
4
1
4
6
3
3
12
8
8
8
7
8
15
10
10
1
9
7
11
9
7
8
1
4
1
8
4
7
6
10
8
3
9
6
16
5
5
3
2
10
6
2
1
5
5
15
13
4
6
1
2
6
4
1
2
5
0
6
2
6
3
1
3
2
9
13
3
1
3
4
2
3
12
2
5
7
9
4
3
2
3
3
5
8
5
10
15
7
2
2
2
8
1
7
2
3
3
9
14
2
1
5
11
4
5
4
7
3
7
7
11
5
2
3
9
6
0
2
6
10
8
2
2
3
1
4
8
3
7
6
0
1
2
1
10
2
6
7
7
5
3
2
2
15
6
7
3
4
4
6
7
3
1
3
9
0
1
1
8
6
10
1
10
9
8
9
6
4
4
7
2
8
7
3
3
4
7
3
0
3
9
7
4
1
4
5
11
3
0
11
2
10
6
1
2
1
8
1
0
