P=100
0
64
99
0
4640
996
637
0
11
0
0
0
0
0
0
13
928
0
3064
0
33
4557
928
0
0
310
25
0
0
0
68
17
3024
0
0
0
85
670
5
0
11
1
0
938
85
0
638
0
0
70
0
55
516
123
33
0
3147
2088
1
4599
4613
145
3147
4
1430
0
813
0
0
0
0
0
0
0
303
0
0
5
93
0
3284
0
0
179
0
0
2
54
0
1
6764
0
6747
61
0
0
43
0
0
1
6686
0
0
93
617
0
0
4
0
0
2025
0
4577
0
0
0
232
0
289
0
2
597
0
5
68
0
1385
0
0
99
93
437
679
0
0
3
6686
160
207
0
0
929
2025
0
114
915
0
21
3183
0
2
0
0
2074
955
9
5
2
0
2
0
0
0
0
210
137
0
1354
123
7280
0
305
0
2084
0
3024
1
0
2113
6753
295
0
0
8
264
0
0
0
130
0
55
392
1385
145
6805
0
0
0
0
6764
2079
0
0
0
0
0
946
210
211
0
3079
0
0
0
0
0
3075
18
0
0
0
4617
0
5
27
3
43
1395
85
0
0
646
0
0
82
0
0
0
452
0
0
1
2097
0
0
1034
0
0
602
3024
6686
9
0
0
0
0
0
0
75
54
59
928
290
19
0
45
0
0
1
0
0
296
0
56
195
0
123
24
0
0
120
0
1385
0
0
0
617
0
6776
34
1
0
61
0
0
703
0
928
3024
0
0
0
0
61
1
0
0
111
11
0
0
0
0
0
0
0
1
1
2
0
0
1354
0
0
207
0
9
0
938
0
156
0
6
256
0
195
88
21
17
0
0
0
0
0
3106
421
0
30
0
0
11
640
0
423
0
0
0
0
2088
64
0
0
0
1346
0
0
0
71
274
4544
3
2
6749
0
0
179
1
2
38
0
4673
295
6756
0
928
0
0
54
0
0
0
0
0
0
0
0
0
0
1
0
0
331
0
2081
21
2
289
1
210
44
1
123
0
3285
0
4
199
6
9
0
0
3106
1400
25
55
3097
2
2
0
6764
0
11
9
0
1
0
619
2112
0
0
17
2
0
6750
0
0
6756
0
1354
3106
0
93
0
4640
1
0
0
0
4
179
45
1385
11
6
1
3064
3097
173
437
0
0
0
0
3
991
0
0
0
0
210
1426
0
6
0
0
0
0
1
0
0
0
85
0
2088
0
61
0
17
0
437
0
0
0
4544
6686
97
7734
79
0
0
0
0
0
290
6750
0
640
0
0
5083
0
256
3097
4730
2
0
637
210
0
0
0
4528
2
903
3183
6764
0
4572
0
0
1353
388
9036
638
0
0
0
697
0
0
2
0
5
128
0
0
0
2
0
0
0
0
5
0
0
67
0
0
3956
0
0
0
0
0
0
0
1
0
0
0
0
1363
5068
423
17
0
3075
0
205
0
290
0
2573
0
0
206
0
38
0
741
3
4527
2
1395
264
0
956
130
4668
0
0
6
0
4
1
617
1284
0
0
955
56
1721
10
0
0
1
0
18
177
80
3061
1354
0
0
289
4721
18
0
0
11
2
5
0
289
0
6737
12
179
0
0
0
7480
2
1
0
2025
0
915
0
98
3109
1
54
8
0
646
11
0
0
0
3024
0
0
137
969
0
82
6768
1
0
421
0
3064
35
437
123
1
0
0
4548
0
140
3061
0
436
1354
98
0
1346
4
0
290
0
0
0
0
0
4527
0
3106
0
0
388
45
80
597
2
0
17
0
3064
0
2
137
0
55
0
32
1385
0
3
0
423
0
2
657
9
0
0
0
883
0
0
4561
214
1
0
0
420
4557
6777
21
0
0
0
0
0
3
0
388
0
289
0
0
2099
0
0
646
3106
1
0
410
0
0
0
942
0
289
256
6686
0
137
0
946
0
0
0
2
0
29
4858
2374
0
0
0
0
0
0
17
1
0
4572
0
0
0
0
2081
617
0
1385
0
4560
718
0
93
1
0
5
0
5
54
0
0
2437
0
0
903
0
0
160
137
0
0
0
973
0
54
142
392
1
0
2079
0
1374
649
597
1
0
0
0
946
642
0
2
3115
2
0
0
0
171
0
2025
0
12
1395
82
0
0
0
637
56
3024
0
0
0
0
0
0
0
0
3061
2097
1
0
2074
3075
0
0
0
0
0
0
0
1
452
0
0
3456
21
0
24
165
11
17
6
0
0
0
1207
0
3034
4572
3034
1
0
0
0
0
0
423
0
114
948
56
0
2337
3
915
597
0
0
597
1
11
0
0
21
0
0
0
0
0
207
21
0
0
638
1385
0
1
0
388
93
84
1426
2079
4528
1401
71
2081
19
11
0
0
210
0
3064
0
11
0
0
0
3061
205
179
0
0
0
0
37
0
1
0
617
0
2078
0
0
691
3
0
0
0
0
6737
2
34
64
4557
6686
