P=10
31522
63344
25574
851
18861
3687
10962
250
1677
20665
7914
1962
227
619
29958
29597
229
596
8429
5635
221
8360
332
263
3657
72605
56333
860
5602
11600
10267
330
14537
649
699
5237
816
75695
50124
628
4168
2940
785
80003
23452
15442
8330
31382
335
19617
635
20927
410
11954
211
1275
6807
14772
41602
93850
459
1340
21491
1003
1099
351
605
1003
22011
9243
3413
410
18608
3741
70169
13623
21194
3518
63194
15506
2599
7675
10155
40403
957
35330
1288
242
32411
40334
331
920
16053
60493
2441
211
60433
281
785
480
99015
1441
22011
63492
8016
4428
15074
6121
3249
35459
213
3772
1634
747
235
17190
66257
7395
657
451
14355
78222
207
4203
12533
13707
14037
212
4334
286
62018
4369
54470
17123
11037
3974
97938
67417
68586
2172
325
32847
5788
19711
5106
31300
235
4611
287
913
1114
238
17661
87607
263
6113
210
3974
24101
45464
7910
17813
36813
1237
1994
66689
772
17486
563
3436
212
54379
1763
10550
210
2412
20885
26881
86698
46667
282
2308
253
53288
3129
1755
33529
20240
8530
14650
36469
243
3074
2939
1946
5521
262
3727
32494
234
629
1436
3194
6172
35181
544
660
27326
69694
18037
90795
13636
4070
7639
218
771
89524
25115
342
797
546
95308
207
335
57506
7185
60886
84476
820
369
4549
1253
278
5003
49598
34354
330
6299
73378
19328
33903
34355
86354
12850
287
69958
1267
1207
76748
333
98997
6242
9105
680
531
20071
403
1149
2236
1941
48286
22919
39032
325
29092
851
1130
3162
35624
3896
5805
411
1644
211
28630
18765
12000
56457
291
18823
18786
9227
22786
1562
463
468
287
256
30685
411
39589
284
61400
4552
545
78605
2298
1867
26212
531
250
270
6185
797
43693
1872
289
276
50685
1429
275
12688
1674
318
9444
1519
35053
213
1784
4400
1665
1358
2117
2496
67376
1258
287
855
81747
3503
329
2546
307
71011
486
2090
54492
1470
14906
11840
385
10412
2496
244
90360
444
210
42375
1536
8979
51527
43870
1734
964
310
12841
13384
1476
7184
62254
1936
1444
1917
84992
35193
534
13825
63431
21005
95442
32925
4607
44044
36616
1766
12078
41327
47600
2472
26981
92620
4603
96801
1521
1219
25525
306
2567
2404
12387
786
526
348
239
2973
2552
23776
15024
206
18213
4787
61738
16958
208
4838
210
33345
728
19002
57913
11264
1768
2380
213
289
19297
25004
714
215
4468
289
90569
302
54466
44154
26834
45273
45900
30373
4358
3869
51550
291
9983
43697
2770
45242
311
22364
1494
26549
5851
1369
6621
31002
1999
98310
242
30242
91560
810
63753
269
3468
273
18617
7156
829
3003
12674
208
36965
50663
49320
37537
8091
247
59689
2001
294
3267
1553
20209
3344
64408
818
6210
2572
2096
36101
264
32576
1375
666
223
422
5491
36697
25835
13118
4809
211
30213
211
1160
59970
644
479
3312
13319
4767
741
714
93860
97484
64313
650
5096
1627
3212
15354
785
774
41948
11498
1682
44588
2869
18076
92885
560
71845
1100
40758
44671
14706
290
907
1232
373
1892
650
9022
79535
62207
385
1785
26321
1169
36824
84344
74179
99993
6460
616
12837
1116
64386
495
14100
331
2007
4151
1207
29216
923
4073
252
7847
3863
7144
9754
249
19356
209
54687
3350
239
85445
3345
3197
301
258
21384
19337
1745
40119
12303
3461
25141
3024
50118
2730
431
235
2009
89518
10223
3739
1657
394
2572
1820
35872
1244
36296
11514
4224
36011
15998
49433
28587
1979
84413
576
18964
33344
8938
8906
389
5292
51191
211
11215
13951
1414
73104
17016
424
1078
230
9883
46362
31416
25631
41286
1167
2253
68620
444
26241
1116
35397
22723
2637
65949
955
21569
27579
617
1903
2325
211
15145
22689
7347
55059
64600
5543
258
11083
11194
252
39792
501
18103
2374
2883
1692
66082
89456
39385
290
54183
596
30562
51352
1359
344
206
1448
8434
4070
66581
57749
1547
13851
2412
40516
3523
279
25777
226
52810
4077
5296
40254
17151
12067
92663
4645
66911
28795
1087
9369
2035
65274
1236
83982
222
442
1407
21101
4159
238
3224
11735
839
11351
90240
909
1771
74010
1253
6522
76161
1639
2005
46336
7611
1613
6161
32707
66867
213
462
6301
1338
520
3884
3848
14059
2019
644
265
76880
8009
698
5151
22595
44316
335
1090
3044
69004
19876
22768
13260
64429
8356
67105
14288
3092
16477
1342
10946
246
1151
16239
73384
305
272
2491
7385
86089
1111
11330
1002
89904
724
28251
54507
4184
24525
469
54248
9933
38859
71397
98473
1301
66368
848
682
1125
211
27061
1987
19725
773
78804
37735
6846
26350
9344
12285
1631
209
286
10700
30508
25893
228
20828
402
11694
951
2540
2630
8633
5392
419
1826
2605
63232
42191
356
2145
236
24136
211
7906
6703
88129
1159
223
81398
27880
274
67845
65480
16366
7250
222
53807
9690
444
66123
12567
39229
2291
23370
6235
85288
10192
76494
38581
237
584
33323
543
8078
34021
837
495
45247
1076
618
2473
67885
747
18119
27808
51625
82663
5659
311
26552
914
320
680
11432
7136
208
292
775
343
2123
767
1002
492
88334
44034
19670
87659
92149
14051
1105
5243
681
5523
12504
1853
42059
74535
10303
7998
10351
1942
6103
55492
69295
213
4160
50899
21688
208
25567
1089
342
1649
7653
3206
41205
270
5763
1409
240
331
3380
3230
1604
54617
510
1019
70212
471
6894
78557
1002
9090
78287
39674
21778
9032
1801
469
242
17751
210
9589
16023
40574
206
2290
37665
11064
398
6113
31527
466
73557
62362
221
23076
3174
290
284
49121
991
12282
52018
29217
3653
2687
28949
2638
1832
20137
1799
4342
210
333
16830
8827
239
1414
735
7221
14467
764
34851
3144
788
14910
87806
9516
6285
10911
48358
3522
650
11079
1917
28581
656
207
63292
800
99020
