P=1000
69
66
87
70
69
72
67
84
73
72
70
89
66
81
82
84
64
87
80
85
73
90
80
71
81
71
75
86
68
82
85
75
72
72
76
75
87
59
92
70
80
86
78
62
68
73
94
85
78
78
76
84
80
67
73
76
79
83
69
104
78
71
75
77
82
59
76
75
78
76
79
79
74
82
80
70
91
62
83
89
67
77
78
64
74
77
76
80
89
56
78
66
61
83
85
64
66
87
74
88
78
85
79
69
74
72
79
72
81
73
69
96
66
86
80
79
81
86
79
87
84
85
74
86
72
73
76
71
74
79
58
84
84
62
75
74
75
79
78
72
91
68
64
64
85
69
77
76
70
74
92
80
73
73
71
70
84
69
95
72
76
79
84
84
75
76
93
84
68
80
77
69
82
74
77
57
81
67
73
80
69
68
81
85
80
86
87
79
84
70
63
91
79
75
83
86
79
76
77
92
72
75
80
83
80
80
106
82
84
80
65
81
79
74
90
88
73
79
86
83
70
63
83
56
74
82
80
81
74
68
85
83
71
84
78
66
74
68
73
66
76
87
71
70
70
86
95
71
72
72
79
80
73
65
77
79
75
81
83
81
79
80
70
78
90
89
70
87
73
69
75
81
75
63
72
71
72
63
71
82
85
75
66
72
73
73
71
67
61
90
62
78
72
80
82
81
70
87
80
71
74
77
84
69
71
81
66
80
99
72
76
60
71
63
86
75
76
65
70
76
83
69
70
63
75
71
85
70
74
74
63
73
83
73
70
75
79
73
78
71
77
53
77
84
66
88
77
84
70
74
73
84
80
77
64
80
73
67
68
68
74
69
79
62
78
68
92
84
71
81
69
80
80
74
87
76
80
86
75
67
77
75
84
84
87
81
68
74
75
83
75
71
70
69
72
76
72
79
90
91
92
68
72
72
73
77
85
96
86
80
78
72
72
65
74
76
90
65
79
83
65
69
61
81
65
83
77
79
60
70
74
84
89
86
69
72
79
74
80
80
80
78
74
78
75
71
76
64
63
76
87
76
102
63
83
87
85
86
70
76
77
86
76
88
69
77
90
80
81
71
85
88
93
81
69
74
89
84
69
85
63
85
85
86
68
84
64
70
68
79
85
76
66
78
87
84
68
72
72
76
70
77
77
83
71
69
83
70
71
80
82
78
66
87
64
75
79
99
85
90
85
79
90
71
73
77
66
95
69
65
68
63
83
55
74
63
65
71
93
74
70
63
73
73
83
66
78
71
74
60
78
74
63
83
80
90
79
80
81
85
68
75
85
73
92
71
69
85
69
74
70
80
68
84
68
72
75
61
72
86
72
70
74
84
77
92
84
79
69
72
75
86
92
84
87
80
90
78
75
79
78
72
76
75
78
74
83
72
66
83
66
95
65
79
67
81
73
87
74
76
83
74
75
82
80
73
86
64
96
86
70
82
84
87
82
72
83
66
72
71
77
72
69
92
64
86
83
58
82
78
72
79
69
68
70
71
76
71
65
93
70
67
67
74
81
72
81
93
76
74
83
76
81
68
90
76
68
79
64
74
80
67
69
70
77
70
74
64
57
85
86
68
76
70
75
72
78
70
60
78
80
64
92
77
76
86
72
73
78
70
72
68
68
75
92
75
88
77
63
83
80
79
81
63
78
79
77
78
66
72
59
69
85
73
95
71
79
79
68
84
79
75
70
76
68
77
80
75
70
79
78
72
79
87
66
71
81
90
73
82
68
88
81
85
63
85
70
82
78
83
82
65
79
85
81
84
86
79
84
91
81
70
76
80
82
68
73
75
75
90
80
71
85
94
88
79
66
85
80
69
88
75
84
78
84
71
72
77
93
74
83
78
61
61
63
77
66
63
87
80
59
78
97
88
97
78
71
91
71
77
80
69
87
76
71
83
75
68
66
62
81
90
81
61
88
89
68
78
78
83
94
79
75
74
76
84
77
76
75
83
84
72
74
90
89
65
62
87
93
53
86
72
88
85
71
80
73
86
75
71
73
75
79
82
60
88
86
72
89
87
80
74
77
75
79
76
76
71
81
82
85
74
66
85
78
69
79
74
84
83
84
78
87
88
59
78
97
56
82
83
77
76
91
96
67
85
78
80
86
79
74
82
69
78
84
74
79
64
97
78
80
78
76
87
85
85
94
73
71
87
77
66
64
68
84
80
70
80
83
63
84
85
70
80
74
94
73
81
81
75
82
74
72
88
79
70
75
81
90
78
92
82
85
84
90
81
73
83
79
72
69
77
64
97
71
83
74
83
80
72
