P=100
9911
9900
9892
9893
9883
9885
9889
9885
9872
9890
9896
9887
9896
9897
9890
9887
9862
9905
9881
9893
9904
9871
9876
9881
9892
9885
9897
9897
9902
9907
9906
9908
9901
9879
9875
9895
9879
9880
9899
9877
9871
9903
9897
9898
9888
9880
9900
9882
9891
9882
9883
9899
9888
9896
9886
9883
9895
9880
9887
9889
9887
9910
9905
9876
9892
9883
9895
9883
9885
9891
9883
9873
9894
9901
9891
9880
9908
9866
9901
9881
9903
9887
9879
9862
9890
9885
9876
9887
9890
9881
9902
9889
9896
9887
9878
9883
9880
9884
9908
9885
9884
9887
9901
9876
9894
9880
9889
9875
9894
9864
9894
9888
9895
9893
9882
9892
9885
9892
9887
9880
9880
9878
9899
9883
9900
9895
9874
9893
9889
9878
9901
9897
9899
9888
9894
9874
9883
9909
9894
9889
9901
9890
9905
9886
9882
9883
9880
9874
9907
9882
9878
9884
9894
9887
9890
9867
9901
9909
9890
9883
9880
9895
9882
9875
9882
9889
9871
9897
9884
9901
9902
9881
9896
9898
9901
9881
9878
9891
9890
9908
9874
9886
9895
9879
9874
9876
9901
9893
9899
9910
9874
9885
9878
9890
9880
9885
9883
9879
9881
9885
9885
9897
9887
9889
9874
9882
9895
9877
9893
9893
9892
9893
9900
9869
9902
9881
9900
9901
9900
9889
9875
9906
9907
9884
9891
9898
9896
9892
9879
9880
9893
9903
9891
9891
9881
9892
9902
9901
9890
9881
9880
9903
9888
9898
9893
9897
9884
9892
9900
9898
9905
9906
9897
9878
9911
9894
9885
9890
9878
9899
9870
9889
9879
9894
9885
9887
9890
9894
9880
9902
9894
9897
9886
9875
9885
9884
9888
9894
9890
9892
9887
9904
9883
9889
9883
9901
9875
9897
9879
9885
9873
9887
9899
9896
9893
9887
9891
9882
9885
9897
9888
9880
9893
9883
9890
9870
9879
9891
9897
9899
9878
9879
9890
9911
9882
9883
9884
9890
9885
9885
9875
9903
9902
9888
9883
9893
9876
9887
9880
9878
9874
9884
9864
9894
9887
9892
9875
9896
9905
9882
9889
9891
9866
9898
9891
9890
9873
9899
9900
9893
9886
9901
9891
9895
9895
9880
9887
9874
9885
9890
9886
9897
9886
9876
9895
9879
9894
9878
9893
9885
9885
9889
9892
9857
9856
9885
9884
9888
9897
9890
9897
9884
9880
9896
9871
9870
9897
9907
9889
9884
9881
9887
9903
9894
9890
9872
9878
9874
9899
9890
9887
9891
9878
9897
9873
9900
9910
9875
9905
9892
9900
9893
9901
9884
9881
9898
9898
9910
9877
9898
9874
9888
9891
9871
9887
9905
9899
9893
9892
9873
9878
9886
9890
9887
9903
9886
9882
9897
9883
9892
9877
9878
9871
9893
9892
9878
9898
9916
9887
9894
9880
9883
9914
9890
9874
9874
9896
9904
9907
9888
9910
9896
9886
9909
9899
9891
9879
9887
9899
9893
9907
9889
9900
9888
9877
9884
9895
9854
9871
9874
9888
9885
9887
9896
9904
9890
9898
9895
9889
9888
9892
9898
9894
9899
9879
9891
9894
9892
9899
9911
9895
9892
9881
9902
9887
9900
9892
9880
9883
9903
9910
9883
9907
9896
9885
9881
9878
9896
9895
9898
9904
9903
9896
9893
9873
9888
9890
9897
9889
9900
9893
9887
9891
9883
9866
9892
9893
9888
9891
9889
9892
9885
9885
9876
9894
9877
9881
9882
9891
9884
9889
9868
9885
9895
9889
9868
9896
9910
9890
9883
9887
9891
9869
9884
9884
9906
9884
9887
9894
9890
9870
9905
9887
9887
9891
9889
9897
9884
9899
9889
9896
9901
9873
9888
9919
9884
9876
9885
9880
9898
9887
9880
9897
9894
9880
9902
9875
9867
9874
9884
9874
9888
9887
9879
9887
9898
9880
9889
9881
9883
9905
9884
9891
9890
9885
9898
9899
9913
9890
9891
9912
9892
9898
9878
9884
9885
9892
9883
9885
9904
9893
9897
9899
9893
9908
9883
9889
9892
9880
9899
9885
9901
9891
9868
9882
9886
9882
9892
9896
9886
9887
9886
9879
9885
9899
9892
9884
9871
9892
9909
9907
9895
9875
9888
9875
9888
9894
9912
9885
9908
9900
9884
9876
9894
9880
9877
9893
9883
9889
9907
9879
9903
9889
9886
9895
9886
9909
9896
9885
9915
9885
9887
9888
9886
9901
9889
9885
9881
9875
9901
9875
9879
9892
9878
9889
9887
9883
9888
9893
9892
9897
9902
9882
9895
9903
9879
9902
9890
9892
9885
9882
9863
9905
9886
9894
9881
9894
9888
9894
9884
9885
9898
9894
9906
9878
9876
9880
9884
9889
9886
9897
9878
9884
9889
9866
9887
9895
9867
9882
9879
9881
9881
9890
9878
9869
9899
9888
9874
9892
9871
9888
9894
9905
9917
9883
9888
9906
9894
9886
9869
9894
9892
9887
9892
9884
9897
9906
9872
9903
9895
9893
9885
9878
9897
9870
9870
9878
9880
9896
9882
9911
9888
9903
9880
9893
9892
9891
9909
9899
9892
9898
9899
9888
9901
9891
9883
9873
9874
9892
9889
9885
9887
9859
9893
9909
9884
9889
9908
9903
9869
9892
9878
9883
9888
9891
9873
9887
9891
9899
9884
9889
9902
9891
9885
9898
9890
9883
9896
9873
9895
9879
9886
9898
9890
9896
9880
9885
9880
9876
9867
9888
9892
9889
9882
9887
9900
9878
9901
9905
9899
9890
9884
9886
9884
9900
9878
9868
9888
9896
9885
9892
9886
9907
9886
9901
9898
9905
9899
9894
9889
9869
9882
9882
9871
9883
9907
9880
9882
9888
9878
9880
9911
9882
9879
9906
9901
9887
9873
9893
9894
9888
9887
9871
9884
9894
9882
9878
9872
9896
9904
9899
9915
9887
9897
9896
9880
9883
9902
9883
9887
9890
9897
9891
9894
9909
9894
9881
9892
9906
9884
9879
9889
9883
9872
9917
9904
9890
9883
9880
9871
9891
9884
9901
9886
9884
9908
9894
9882
9878
9904
9890
9893
9894
9892
9890
9896
9890
9884
9881
9880
9891
9886
9880
9900
9887
9913
9890
9878
9873
9886
9891
9889
9912
9886
9896
9891
9901
9903
9905
9882
9888
9885
9902
9901
9885
9888
9899
9895
9886
9882
9887
9888
9880
9885
9879
9899
9895
9869
9877
9895
