SOURCE=name_charmap_P100_LMAX3.txt
STRATEGY=charmap
P=100
LMAX=3
PARTITIONS=10000
QUERIES=1000
203
128
1248
122
127
1
1863
2970
70
26
2479
8
585
1398
128
26
3873
99
26
128
675
3883
2963
132
2169
1
52
7575
95
680
9095
99
19
8133
756
257
578
870
26
6992
859
1015
141
1366
52
627
122
631
870
52
870
18
594
1015
141
6725
141
82
589
2758
196
234
8
1069
118
2584
19
278
642
2963
585
109
642
1408
856
139
8
5981
2125
637
983
52
122
6900
4561
127
2281
71
203
578
72
3873
15
1109
8
20
594
2039
745
2963
151
578
139
8079
0
64
257
203
1
0
118
139
6842
2605
1
257
65
3014
1
8
1182
0
431
141
8
916
589
745
2217
1366
6576
1850
139
520
1
53
724
2462
3987
1
36
40
26
286
1030
53
12
1404
520
642
122
99
1
18
619
0
128
34
26
1366
7078
870
3013
64
8270
234
213
756
26
18
26
2234
476
72
607
8271
26
637
8
0
642
5752
3307
2718
477
870
8
88
590
5580
594
19
82
728
2052
96
626
26
68
72
1
1459
238
52
983
0
3874
1003
128
594
18
33
33
12
27
1497
8833
64
1248
2228
1404
5875
19
1182
2281
568
141
0
1
679
26
1003
1530
1004
96
8
18
1
19
585
106
958
5680
128
33
1003
5850
72
589
12
956
812
675
27
148
652
1
81
477
127
8664
63
18
90
3894
151
663
19
964
1
141
1
1
1248
1
64
1
506
595
2479
99
96
141
431
777
1
441
19
728
95
3987
706
18
3013
118
595
15
1003
1003
203
3965
958
870
33
1366
139
2577
61
64
141
1151
5665
988
2217
870
1398
6048
19
1
595
1003
5582
1
129
1248
196
37
2114
25
983
4016
81
82
1366
1
11
128
1398
1
1398
1843
234
8
2838
94
18
190
74
9
2142
5097
519
870
278
52
18
88
1278
1
642
1971
88
26
221
19
812
90
617
3883
148
19
82
1
2712
8
0
52
234
72
53
52
680
745
1
94
2718
1044
26
95
1111
332
62
0
59
1399
196
19
19
18
3029
988
59
1366
45
72
148
2635
3742
1
595
278
141
118
1
991
1
18
3874
215
15
2960
122
3987
4023
278
1004
745
1089
8
668
506
1003
158
52
128
313
122
578
5850
430
2164
0
25
1004
196
96
983
1840
64
1971
19
64
8304
0
60
38
37
19
1003
71
51
71
19
149
275
958
221
68
0
82
312
1004
642
1478
1843
18
128
95
6387
745
203
2718
2052
770
1
4006
234
204
6943
1
44
19
679
8
82
3987
1
972
129
3951
7485
8432
5752
430
956
196
151
64
118
3891
680
0
257
3112
12
8437
5665
756
269
33
19
99
8
724
141
77
65
2332
190
675
506
7005
1576
2189
122
61
19
26
4239
0
33
51
431
7
19
52
278
1277
525
19
52
5578
52
0
875
280
130
129
988
2961
1248
1
600
1576
127
52
8
1004
0
1399
127
52
667
1366
26
7
983
221
3001
7005
15
19
7837
6890
870
2718
0
1151
52
756
116
96
64
1398
72
153
589
5719
430
3089
1885
1398
20
95
630
477
1
19
594
59
45
90
1277
27
6900
19
4364
8
292
33
18
1761
45
2934
1069
1868
642
589
19
96
1398
19
25
72
26
99
257
18
1426
51
1
5850
160
128
26
26
33
8
1426
99
257
36
12
141
1971
1111
221
796
148
2665
1
82
45
1
2584
7659
1
148
812
139
234
96
1840
211
2104
3013
128
1289
1248
19
82
3013
1404
600
619
477
82
1576
90
1
19
958
634
983
870
19
2963
1
19
148
916
1291
196
128
1576
190
611
12
71
221
783
52
607
1366
0
956
484
2049
1004
2303
27
1
6604
26
1
1088
4269
2032
1
127
2717
82
2503
2963
667
756
1
64
6882
1004
141
12
2963
2034
62
190
257
5680
18
122
72
675
2718
1576
1398
8835
221
122
190
257
2189
973
221
27
18
1843
86
5725
130
642
745
122
8666
116
6034
1
36
1530
783
0
2281
203
280
3987
3307
716
196
8790
221
6890
18
617
756
127
1015
619
118
141
33
5747
141
3894
651
1971
979
12
4993
128
5762
96
1971
675
148
859
234
18
275
675
8
292
141
8
52
1281
1
642
128
2189
578
506
90
1537
130
18
1398
82
2605
19
96
33
141
1
431
2189
6713
706
204
141
6890
53
8
64
33
88
777
52
1449
1
81
642
96
2723
2503
203
594
0
7576
257
1030
1497
138
52
1576
1576
927
122
1529
0
234
221
220
870
257
2405
128
25
26
484
1003
2332
1278
578
1576
1576
82
129
203
27
18
870
68
6713
269
18
220
2026
71
501
956
1852
520
8
2878
2281
594
141
679
607
1111
113
8811
68
637
77
26
675
578
3013
1
6713
19
870
157
1
4092
5582
8638
909
5081
8
5097
45
127
77
72
5578
2119
18
5901
52
1366
40
122
2332
27
116
1366
129
745
122
95
8307
3873
8727
103
1366
221
45
313
1980
139
33
96
118
68
1
280
27
637
938
99
2584
3883
1
8
71
207
777
148
2704
5665
71
33
2052
26
4092
1529
8712
25
6892
