SOURCE=name_charmap_P100_LMAX5.txt
STRATEGY=charmap
P=100
LMAX=5
PARTITIONS=10000
QUERIES=1000
203
289
1251
122
225
629
3161
3421
70
26
2588
6145
1031
1398
289
26
3935
210
126
503
2021
3885
4453
153
2295
113
52
7575
5736
1264
9095
1144
2150
8231
756
1342
1409
889
26
7175
863
1015
249
4628
56
749
746
737
889
149
889
395
598
1458
792
6991
589
4712
1561
2762
196
540
2063
3848
839
2959
19
5572
778
3614
1415
5392
778
1791
3690
251
6119
6020
2300
980
986
162
122
6900
4561
225
3413
731
3246
731
72
3993
645
1375
8
1518
2476
2740
1550
4453
1088
677
6300
9551
2037
64
1260
311
1
0
276
702
6873
2605
6142
1342
65
3014
5
391
2056
0
431
2231
2741
936
589
745
2384
1366
6578
2134
143
924
953
53
724
2462
5838
629
693
44
47
286
1033
916
12
1484
924
3289
1729
1038
113
344
622
2864
285
1613
50
1366
7122
1426
3026
64
8270
388
374
907
137
108
26
2364
7145
76
964
8293
126
657
108
0
778
5752
3322
2718
4045
889
537
2794
780
5682
2476
218
4712
4275
2052
258
796
116
72
76
1
1462
2227
52
986
111
3874
1704
289
2476
650
143
33
12
27
1500
8858
64
2965
2228
1424
6082
186
1258
2552
568
6203
90
629
772
4347
1704
1552
1021
258
7519
475
3656
19
4245
268
975
5680
328
488
1704
5850
72
1484
640
956
1083
982
27
5381
1099
1
704
572
225
8665
3710
313
94
5323
1088
871
6668
1303
1
2149
1
8742
2965
1122
163
203
526
1613
2588
210
258
141
431
867
1
549
19
3581
204
5781
2682
313
5135
122
595
126
1704
1704
1047
3968
975
889
143
7356
143
2577
173
1186
145
1167
7286
1012
3780
1426
1417
6121
6668
629
694
1209
5843
629
241
2965
196
236
2114
5657
986
4016
953
240
1366
273
1062
256
3848
2530
1398
5247
234
8
2838
3172
1069
286
2585
8090
2224
5156
1098
889
5572
142
475
109
1278
1
3483
2667
2794
26
4906
884
1083
90
5948
3899
347
6668
4712
2038
3459
5717
0
163
234
72
57
52
683
745
25
94
2787
1187
47
8020
1114
332
173
100
59
2194
217
19
2070
344
3477
1012
63
1366
45
72
255
2740
3742
2038
780
282
164
122
2038
4295
1
344
3876
674
2538
2960
122
5838
4035
5572
1021
1094
1196
537
2216
822
1704
805
52
1591
334
6187
1169
5850
430
2780
0
48
3279
196
1638
2918
3939
163
2667
244
163
8337
0
60
62
565
218
1704
71
51
71
1069
375
279
1229
1701
72
3884
4712
507
1804
778
1478
3938
313
1172
95
8234
8570
203
2718
2052
770
629
4006
472
2689
6943
328
44
6668
782
8
191
5781
629
1424
239
4339
7517
8432
5752
430
956
217
259
64
118
4506
683
9167
1342
3202
12
8524
5665
756
273
33
19
474
634
827
141
177
2108
2834
214
2021
1669
7095
1655
2189
341
173
677
26
5749
3884
2554
322
431
30
19
52
5572
1411
525
218
52
8301
3914
111
1840
280
754
151
1012
4887
3014
2038
1571
1655
225
162
108
1021
0
2194
225
251
2215
1366
6123
30
983
1070
3129
7095
15
218
7867
6890
889
2718
868
1151
52
774
226
258
163
1398
76
533
589
6074
430
3091
1885
1398
132
8020
1218
477
2038
218
952
59
157
94
6263
31
7051
3787
4578
12
508
33
475
1761
157
2934
1092
1954
778
1484
6668
526
1497
19
2546
299
26
1038
411
290
6512
51
91
5850
357
1591
47
26
33
120
1426
210
352
693
640
994
1971
1114
1701
3643
170
2665
954
4712
45
8742
2690
7659
1
347
1786
249
472
258
9285
211
2107
5135
149
1371
3014
2878
954
3026
1503
600
639
838
191
1655
316
1
218
975
1068
2823
889
6668
6086
1
19
255
916
2181
196
328
1655
190
615
12
71
1070
805
429
607
1369
0
956
484
2052
1021
2467
1303
1
6604
26
5
2231
4335
7919
273
225
2717
4712
2675
6086
763
907
1122
163
7011
1021
145
12
6086
2823
174
455
257
7859
344
122
72
1076
2718
1655
1398
9047
1701
6187
440
932
2192
1758
1070
31
475
3938
198
5737
984
3289
745
3177
8715
116
6141
113
4822
1552
909
292
3475
203
280
5781
3384
716
306
9046
1701
6890
313
973
774
225
7399
622
122
141
4797
5747
145
5323
788
2667
5937
36
4993
982
5762
258
2508
1076
255
863
472
290
275
2021
108
292
249
6145
927
3052
5
778
289
2192
595
506
94
1537
134
1069
1398
4712
2605
19
258
33
141
458
431
2189
6713
706
6183
227
6890
220
119
163
505
2794
1937
52
1469
5
81
778
96
2826
2675
526
1029
2864
7576
411
1127
1500
142
52
1655
1655
1184
3177
1659
0
234
1070
377
889
352
2405
289
2546
116
844
1704
2332
1470
731
1655
1655
6168
151
3246
194
108
889
72
6757
467
1069
419
5065
3161
501
976
2170
540
4342
2895
2552
2476
602
828
761
1114
335
9008
72
980
81
26
1076
682
3026
1
6713
8090
889
318
111
5833
5597
8765
6485
5085
537
5156
45
225
77
299
5587
2119
42
6581
52
1366
5368
122
2834
27
116
1366
238
1550
6187
5736
8759
4181
8939
962
1366
1701
45
334
1980
261
33
258
737
72
1
2643
31
657
5639
210
2668
3999
2055
108
71
207
777
255
2704
7829
563
488
2052
136
4149
1659
8712
497
6892
