TOTAL_VALUES=1000000
P=1000
PARTITIONS=1000
001178203064 192241125000
001005000000 192229157000
001022040000 192231207000
001007224000 192241056000
001045000000 192241112000
001022051000 192223139000
001208169016 192223101000
001072000000 192234091000
001255227000 192223180000
001023121000 192243040000
001208147189 192236092000
001067224000 192243038000
001000024000 192228023000
001228128000 192227158000
001037034184 192208001234
001032238000 192207037000
001001126000 192233197085
001006137000 192234246000
001235136000 192223234000
001007244000 192241122000
001030056000 192229169000
001018128064 192234148000
001010064000 192230000000
002027192000 192240125096
001213113020 192233206224
001032201000 192240140000
001032234048 192233197084
002019005132 192229111001
001250000000 192225156000
001187216000 192238208128
001023073000 192223010048
001009250000 192228117000
001037069235 192244200000
001118036000 192236128000
001028104000 192244032000
001011088000 192233202200
001039032000 192237099064
001020120000 192244254000
001022068000 192234160000
001178202064 192237071000
001018112000 192235200000
001009244032 192233198024
001208178024 192236030000
001000192000 192233206192
001178104000 192234105000
001023093000 192241062000
001208178212 192229108000
001071116000 192238208008
001074076096 192240158128
001007144000 192234100000
001018128254 192238212000
001003000000 192243212000
001199251000 192233194031
001032212227 192214192000
001032200000 192241094000
001208168231 192208001232
001092000000 192208003000
001009244013 192229111008
001247202000 192207088000
001025048000 192231150000
001071104000 192233196089
002019236000 192240125192
001037128000 192240102056
001025032000 192244096000
002019007112 192226080000
001203114000 192209008000
001007168175 192230105000
002016170000 192234103000
002018214064 192238058000
001009070000 192240159128
001006000000 192238208064
001018128240 192210210000
001179112050 192231040000
002058048112 192225171000
002016103000 192234141000
002020051000 192218120000
002019007221 192206120000
002018213044 192233207000
001009243034 192178254036
001032240000 192244203000
001023248000 192234158000
001023160000 192231089000
001224039000 192234157000
001208112153 192234176000
001018117000 192218224000
001233004000 192210247000
001186094000 192229087136
002017111192 192240105064
001179002000 192241032000
001030164000 192233204044
002019006020 192206236000
001073096000 192245012000
001006232000 192241124000
001076080000 192229002000
001074072000 192241063000
001007176000 192244247000
001082208000 192241110000
001032252000 192241044000
001032217000 192238004000
001178193064 192223152000
001007248000 192233203178
001028100000 192233199064
001052000000 192231036064
001011096000 192229087004
001037035075 192233193033
001079184000 192238209016
001024088000 192241126000
002016136000 192233197080
001007164000 192234159000
001178000000 192223158000
001018128224 192241096000
002057039000 192231118000
001007168160 192240100000
001009072000 192240176000
001067232000 192233207032
001118000000 192243037000
001009241231 192234218000
001186093030 192243128000
002017120106 192243192000
001009071009 192241008000
001037035072 192240106128
001000008000 192234184000
001009241230 192233199220
001024240000 192231036003
001023032000 192234004000
002018211000 192208185000
001023174000 192241072000
002021175141 192243016000
001208112192 192218142000
001233128000 192237030000
001179113050 192241073000
001025036000 192238176000
001241016000 192236196000
001010134000 192223009000
001006144000 192234132000
001245064000 192233195144
001193214000 192234017000
001224064000 192233206128
001075224000 192232067000
001010192000 192244224000
001193213000 192232004000
001178024000 192206116000
001022006000 192230115236
001017000000 192238001000
001007168174 192241036000
001009241032 192240102048
001021064000 192198174000
001023184000 192229087016
001028192000 192233195140
001022144000 192234035000
001018128006 192238020000
001030088000 192244255000
001030192000 192233199216
001082192000 192237029000
001007016000 192234038000
001022062000 192240138000
001178017000 192223010052
001214072000 192236176128
001018131000 192237098192
001023088000 192236144000
001031192000 192228016000
001022128000 192236147004
002016116000 192230102000
001044064000 192235224000
001071119000 192225032000
001025192000 192243075000
001032251000 192238209064
001208148222 192230121000
001018128248 192236236000
001006240000 192233197112
001011080000 192241034000
002017042000 192240125176
001001004000 192234214000
001000064000 192245026000
001028180000 192238209136
001001010000 192191000000
001023122000 192237094064
001032212192 192238018000
001179112170 192244160000
001237132000 192207103000
002056174000 192225016000
001018128096 192233201144
001007168192 192216208000
001208148032 192229110000
001037028000 192245019000
001023064000 192238208144
001074208000 192238208130
001024048000 192240125064
001081096000 192234059000
001007162000 192233195234
001037029096 192243086000
001178192160 192233207040
001208147000 192238216000
001023180000 192237016000
001022011000 192231255000
001004016000 192236240000
001237005000 192238027000
002017111206 192237104000
001039096000 192229129000
001009241240 192234078000
001037069128 192230106000
001000197000 192207173000
001000018000 192238210000
001004032000 192235112000
001074076000 192236065000
001118003000 192236147008
002017110176 192234006000
001231200000 192231124000
001009096000 192189161000
001208179176 192243064000
002022054000 192241092004
002019250000 192233207048
002017111064 192208024000
001018160000 192236216000
001022032000 192235084000
001178205128 192233196176
001023014000 192193112000
001030048000 192229224000
001007028000 192240200000
001244000000 192203247000
001075196000 192240144000
001007000000 192235108000
001032218000 192243091000
001023026000 192240156064
001022216000 192235068000
001038208000 192228004040
001018119000 192233199017
001021160000 192240040000
001006226000 192229021000
001023176000 192236012000
001038248000 192237090000
001007108000 192233199218
001009244056 192238209002
001023087000 192234135000
001044032000 192233207036
001030040000 192236232000
004001082035 192227250000
002016171000 192232060000
001022168000 192237107000
001007151000 192233201140
001037068000 192233205048
001178203030 192238195000
001022012000 192203104000
002021013000 192232100000
001009068000 192234234000
001120000000 192241101000
001023060000 192234205000
001073076000 192234104000
001233008000 192245032000
001023094000 192233207144
001022238000 192206078000
001208120000 192233199080
001178068000 192233196081
001037074000 192223149000
001001112000 192240032000
001247203000 192229240000
002016242000 192237094128
002019006000 192219120000
001235160000 192232048000
001001127000 192233193000
001009246000 192234217000
002017136000 192236088000
001007168168 192223055000
001178199016 192234194000
001001064000 192231248000
001007182000 192231057000
001007088000 192238200000
001208145192 192237070000
001011092000 192234024000
001032222000 192234222000
001023208000 192178247154
001007026000 192233196112
001018128128 192233193128
001020080000 192225059000
001007168000 192243082000
001009244080 192236121000
002018011000 192245011000
002017109187 192228128000
001009241036 192233195101
001177192000 192233198032
001178007000 192233195133
001006138000 192231143000
001000198000 192240192000
001230198000 192233206228
001178202128 192230124000
001044097000 192233201026
002017110076 192230115128
001009071008 192237088000
001079176000 192233200192
001039184000 192241080000
001007025000 192235104000
001032000000 192240118000
001026000000 192240102128
001009071015 192234128000
001037072000 192230110000
001022148000 192229087129
001178032000 192244196000
001002016000 192233196044
001009241160 192227252000
001007148000 192238021000
002021114000 192238222000
001208113128 192236078000
001009241094 192240130000
001030000000 192241093000
001000017000 192238164000
001213112226 192233199192
001203115000 192230032000
001037016000 192237089000
001009240000 192234241000
001179222000 192233205160
001007001000 192233196088
001208112053 192232043000
001000020000 192237124000
001009071064 192233201116
001007161000 192234145000
001186128000 192243225000
001010160000 192241128000
002017109104 192234034000
001000200000 192233194192
001179112172 192233196016
001007232000 192234253000
001254230000 192238019000
001007202000 192241046000
002021096000 192236176029
001208112132 192240148000
001009241192 192238209008
001009241172 192197227000
001023007000 192243039000
001009071014 192233202106
001178206000 192231228000
001179113056 192231214000
001016000000 192238192000
001009128000 192243214000
001039073000 192233192249
001037096000 192197160098
001032192000 192233204048
002022036000 192241048000
001009250128 192208010000
001022164000 192237192000
001009251000 192207116000
001009244096 192240124000
001079016000 192240156128
001233000000 192221180000
001009241000 192233192214
001213112224 192233203000
001023172000 192226096000
001179113024 192218092000
001022020000 192207218000
001079192000 192233198000
001208148012 192233193040
001009241175 192188142000
001208106128 192226000000
001009241168 192241109000
001208145248 192229000000
001073080000 192231127000
001208169006 192234133000
001073078000 192233196102
001194192000 192243248000
001208112029 192244240000
001208148118 192223241000
001010008000 192209062192
001007246000 192229087002
001009244016 192197163000
001009071010 192233207034
001007143000 192237098000
001028016000 192243080000
001011128000 192243104000
001004002000 192238011000
001179112052 192231036016
001022004000 192233204102
001007240000 192241092000
001001128000 192234127000
001050000000 192234216000
002015128000 192228123000
002056149000 192209026000
001208112248 192244076000
001007136000 192234224000
002018214080 192243254000
001213113064 192237095000
001018128192 192232097000
001208160000 192243216000
001075192000 192241092016
001078120000 192245031000
001038232000 192238209132
001011040000 192233196039
001009241038 192240048000
001179217000 192230085000
001007096000 192208200000
001020000000 192243120000
001237248000 192245020000
001032206000 192178248174
001193212000 192241085000
001009244088 192234040000
001022035000 192240135000
001022212000 192210250000
001022210000 192237122000
001009244000 192234131000
001007003000 192223198000
002019007220 192233206164
001236000000 192234208000
001031224000 192219004000
001179228000 192206038000
001079006000 192243088000
002018062000 192236006000
001076064000 192223199000
001032248000 192233201115
001032128000 192240157128
002022156000 192237118000
001007204000 192243089000
001213150192 192236168000
001012040000 192236176064
002017111074 192207196000
001002006000 192231083000
001194096000 192214160000
001012016000 192244202000
001018064000 192234229000
002021228000 192240116000
001208147192 192241016000
001032234016 192234044000
001022184000 192229248000
001023204000 192244204000
001009064000 192231215000
001039008000 192209062234
001037024000 192208001032
001002003000 192232016000
001018123000 192234226000
002017038000 192232098000
001007203000 192233193240
001022052000 192232012000
001028048000 192228084000
001009244048 192240184000
001032234056 192233206226
001023024000 192231196000
001009245000 192233202224
001179014000 192240107200
002017106000 192225048000
001032208000 192238208032
001007208000 192207065000
001231208000 192243095000
001009243128 192203243000
001010135000 192237077000
001208114224 192233194115
001037030000 192232010000
001012000000 192206065000
001007109000 192236147000
001178198048 192233203176
002018054000 192243226000
001014000000 192226076000
001018192000 192232180000
001022072000 192240047000
001066068000 192227202000
001038211000 192233194030
001028044000 192244072000
001032221000 192230104000
001028228000 192240105120
001022145000 192241092128
001031128000 192206232000
001237144000 192244192000
001031196000 192227196000
002017110088 192240224000
001224168000 192245015000
001037040000 192233193037
001076076000 192228096000
001074076076 192233196041
001032241000 192234020000
001178199013 192231038000
001022141000 192229087132
001022070000 192234050000
001023030000 192240125120
001229203000 192233194000
001007082000 192225100000
001018125000 192241040000
001007168128 192234182000
001009244064 192208001017
001178198032 192240134000
002022062000 192237092000
001018144000 192233195239
002018018000 192218004000
001074224000 192197160014
001010000000 192238209004
001235096000 192236026000
002016052000 192198148008
001031032000 192232112000
001020124000 192229087130
001076008000 192245024000
001037072148 192228108000
002018191000 192236176024
001208178180 192240105112
001032213000 192230126000
001179088000 192233202064
001020126000 192178250164
002018167000 192240107192
001025040000 192207216000
001009241088 192240199000
001025016000 192240204000
001030176000 192237108000
001208169008 192240189000
001002005000 192236238000
001178192192 192238171000
001233002000 192227001000
001001096000 192240107128
001066094000 192240196000
001065000000 192209026064
001213104029 192231098000
001007140000 192188188000
001213150176 192231136000
001239032000 192178255096
001179113032 192234144000
001007181000 192233196084
002017109245 192240158096
001018130000 192233199016
001032234032 192226054000
001038240000 192206228000
002017111160 192207017000
001000000000 192228032000
001022206000 192245004000
001028232000 192231062000
001186064000 192241088000
001178199032 192233201112
001001001000 192234227000
001009241232 192233193068
001007060000 192210011000
001118032000 192243076000
001074077000 192234175000
001208147184 192245030000
001009241037 192243252000
001010032000 192233197086
001007024000 192244252000
001001009000 192231006000
001009071016 192233196077
001179024000 192236252000
001020064000 192221184000
001023186000 192245016000
001018128252 192230115192
001023006000 192233196104
001112000000 192197132000
002018117000 192240160000
001024216000 192233196072
001066032000 192236076000
001007172000 192244248000
001073224000 192231132000
001018128072 192231240000
001031000000 192234203000
001007192000 192237081000
001022232000 192243108000
001037034186 192234232000
001084000000 192229020000
001009241096 192234163000
001023255000 192241060000
001032234064 192209128000
001177216000 192234016000
001238032000 192235111000
001039168000 192236077000
001028152000 192244022000
001004000000 192233200144
001008000000 192234179000
002020132000 192241092008
001213104028 192223031000
001008128000 192245018000
001078112000 192235048000
001073240000 192233199160
001023221000 192238010000
002017110200 192240112000
001074196000 192238161000
001209224000 192229022000
001187192000 192236250000
001032204000 192231015000
001208113037 192237032000
002018214078 192234186000
001039076000 192234051000
002016025000 192231036032
001022140000 192240107224
001018122000 192233204101
001022225000 192241092064
001178205096 192233202227
001023080000 192231073000
001201032000 192234054000
001028144000 192178252211
001208147216 192241121000
001066020000 192243036000
001001002000 192233202109
002016137000 192236176032
001006160000 192235221000
002019007022 192243024000
002058045000 192233201114
002019004104 192236156000
001023132000 192245028000
001007104000 192178096164
001078127000 192237000000
001010012000 192241012000
001213113032 192189068000
002018212048 192237082000
001179112051 192228106000
001178203032 192234043000
001023192000 192233194028
001238002000 192208016000
001183208000 192236176028
002021175244 192233206238
001028184000 192234048000
001009000000 192243228000
001007152000 192231208000
001178184000 192237024000
001009243036 192233193036
001012064000 192234220000
001006231000 192233202128
001012032000 192214224000
001023152000 192233197059
001082128000 192236192000
001179112168 192237111000
001008009000 192237028000
001178002000 192238048000
002023148000 192241092002
001020125000 192233205039
001028148000 192237106000
002255000000 192241081000
001028112000 192240107208
001037064000 192236008000
001023113000 192245002000
001073246000 192236147064
001178196000 192233198182
001076148000 192234142000
001037034000 192187006000
001236048000 192244024000
001007169000 192236009000
002017203249 192227176000
001006192000 192244228000
001076016000 192231037000
001018127000 192233204040
001009250064 192245000000
001007168173 192238208132
001068000000 192245025000
001079002000 192237072000
001201008000 192233204112
002018214102 192234058000
002017109234 192244244000
001021144000 192237116000
001002008000 192243230000
001208106172 192209026254
001033000000 192238208001
001039152000 192223004000
001009243035 192208001134
001009248000 192240128000
001018116000 192237094160
001030160000 192244000000
001022160000 192238209130
001213113016 192231023000
001075008000 192241102000
001022211000 192240102000
001243000000 192243032000
001030092000 192243034000
001178004000 192232104000
002017110072 192243255000
001002000000 192236176000
001094000000 192240046000
001178198248 192223056000
001179112000 192243084000
002017109199 192235064000
002018105000 192232120000
001081008000 192238168000
002019007250 192231216000
001039220000 192236147016
001002064000 192223011000
001020128000 192242000000
001213112240 192236064000
002016167000 192231161000
001024224000 192232182000
001233224000 192235222000
001081094000 192238208192
001064000000 192205036000
001007168176 192231025000
001076128000 192197113000
001249112000 192232072000
001239004000 192216160000
002018029000 192236208000
001018128000 192233205152
001074128000 192234150000
001177000000 192237119000
001025144000 192193189000
001208112064 192240156080
001208169000 192233198168
001032246000 192206148000
001214128000 192234008000
002021175143 192244128000
001208179192 192234088032
001002004000 192240157000
001007142000 192230224000
001022008000 192206176000
001178203014 192234096000
001009243000 192244144000
001009244090 192206105000
001071103000 192234180000
001009241224 192234041000
001179117000 192234000000
001076152000 192237097000
001255000000 192240137000
001030104000 192231084000
001007048000 192236032000
002017109222 192240150000
001022152000 192208224000
001004128000 192240191000
001000224000 192236069000
001178080000 192223252000
001002032000 192234192000
001009192000 192233199224
001007225000 192236210000
001178207000 192243208000
001032219000 192235069000
001079004000 192232088000
001007110000 192234088047
001023188000 192233199072
001008064000 192233198192
001024208000 192226040000
001022188000 192233198052
001074240000 192240106016
001044098000 192241000000
001119206000 192230092000
001000001000 192210144000
001037029128 192234022000
002016143000 192223053000
001179064000 192233205078
001039164000 192237098128
001203000000 192233205036
001000002000 192234072000
001022010000 192234153000
001023178000 192233199021
001208178184 192243020000
001007002000 192241104000
001004008000 192233197058
001074076080 192233197145
001002128000 192178255248
001023185000 192245014000
001199224000 192238208004
001012036000 192203148000
001044100000 192233205159
001025024000 192231191000
001024128000 192233202202
001079068000 192233201102
001116000000 192207004000
001245050000 192245036000
001007062000 192243110000
001178001000 192230115240
001208115240 192234200000
001007080000 192196160000
002057152008 192233205058
001039222000 192238024000
001023089000 192209026080
001235192000 192237083000
001093000000 192211000000
001208113036 192244020000
001022112000 192243033000
001030080000 192234076000
001208178182 192240117000
001025160000 192234213000
001066093000 192240158000
001016128000 192207098000
001018132000 192234001000
001238018000 192233193024
001022192000 192207014000
002017109039 192211128000
002019232000 192208052000
001178128000 192244008000
001179240000 192229208000
001208106176 192196163000
002018178000 192234223000
001023207000 192233193026
001119000000 192203203000
001075015000 192231254000
001032244000 192208190000
001018128004 192231090000
001009241095 192195203000
001179118000 192238224000
001075032000 192243094000
001000032000 192233202208
002017111106 192233207064
001021128000 192234170000
001001016000 192240157160
001255078000 192229237000
001022224000 192243000000
001007184000 192223123000
001082064000 192238209000
001029000000 192238209129
001018120000 192195168000
001008002000 192240146000
001201002000 192235075000
001022024000 192211046000
001039000000 192237099000
001007170000 192236148000
001009071000 192243085000
001118096000 192225162000
001022007000 192233202196
001044048000 192240188000
001208178032 192233198064
002017110014 192233199184
002018166000 192240064000
001028224000 192207096000
001225096000 192231170000
001037029068 192223049000
001011095000 192244064000
001022208000 192240106024
001001120000 192244112000
001007200000 192243231000
001000208000 192229087131
001007004000 192233204104
001208115000 192233202204
001020072000 192241047000
001039074000 192238060000
001023084000 192231031000
001022146000 192233198176
001038200000 192208057000
001022080000 192233196101
001022200000 192237120000
001022056000 192243092000
001178030000 192214064000
001039180000 192231233000
001022088000 192243081000
001018124000 192243074000
001009244008 192241095000
001008032000 192233202000
001037084000 192243096000
001007081000 192229172000
001037027048 192240103000
002019048000 192233205000
001208112144 192238170000
001187128000 192226056000
002016142000 192233193175
001208169128 192236248000
001006224000 192233194196
001028024000 192244016000
002022019000 192233128000
001012048000 192238128000
001009241176 192238208000
001208112020 192231236000
001209016000 192229016000
001065128000 192223122000
001213112225 192244232000
001011064000 192223037000
001009241080 192208001096
001213150128 192233194208
001007228000 192229212000
001037035064 192207084000
001004004000 192233206160
001037069233 192240104000
001001124000 192240000000
001178176000 192231244000
002016003000 192238172000
001051000000 192240105128
001244064000 192237064000
001023206000 192237084000
001255074000 192244078000
001008004000 192238144000
001208168064 192237121000
001065160000 192240156000
001187160000 192238208160
001214064000 192236178000
001001000000 192231000000
001018118000 192231036008
001074076075 192230115000
001020112000 192234147000
001007160000 192236180000
001009244049 192245034000
001037032000 192230115215
001021112000 192223151000
001239000000 192243224000
001236008000 192243072000
002020052000 192233198136
001009241092 192233206176
001078128000 192193242000
001008008000 192240125112
001039016000 192243218000
001000016000 192231092000
001208147168 192235208000
001245128000 192238000000
001010136000 192233205077
001018128016 192231178000
001178066000 192241082000
001009244051 192233204043
001079224000 192240208000
001225092000 192233200128
001007150000 192234230000
001001032000 192234228000
001009244092 192184068000
001024040000 192203235000
001018128008 192233192240
001000128000 192234188000
001213104016 192240158064
001022077000 192243220000
001008012000 192238008000
001023252000 192234070000
002018115000 192243232000
001032212224 192235016000
001023000000 192233202108
001009243040 192236125000
001235138000 192229184000
001009241228 192245010000
001235139000 192235074000
001073072000 192243217000
001065188000 192231009000
001006128000 192241035000
001006230000 192237094000
001010132000 192240120000
001002002000 192235070000
001178091000 192234130000
001079008000 192234254000
002018176000 192237080000
001066000000 192231012000
001032214000 192241064000
001160000000 192234250000
001001008000 192240203000
001208112145 192196176000
001231016000 192237026000
001032242000 192233201078
001009080000 192234088046
001209029000 192236176030
001086000000 192204005000
001022190000 192243048000
001022142000 192235080000
002018214056 192218014000
001037034192 192234247000
002016065000 192237091000
001007112000 192240129000
001037072160 192243213000
001007032000 192238208016
001237174000 192240195000
001032227000 192238160000
001208112030 192244208000
001009244050 192243240000
001009071012 192234088048
001006136000 192233200240
001022034000 192233202199
001007180000 192240132000
001032212128 192237098160
001179120000 192233202232
001028168000 192231184000
001179114000 192233201176
001066128000 192240154000
001179244000 192238023000
001241224000 192211124000
001179060000 192245008000
001244194000 192234236000
001018136000 192233199010
001022136000 192233198166
001009243064 192234056000
002017110000 192240136000
001178198240 192225002000
001076144000 192237105000
001022084000 192243073000
001022030000 192236147032
001011056000 192237096000
001242128000 192207013000
001177152000 192238026000
001037072147 192233196003
001213104032 192236112000
001208112254 192233205040
001037035074 192235207000
001009250032 192233208000
001178198192 192231183000
001006229000 192237094048
001009071032 192236184000
001023086000 192235202000
001179012000 192234168000
001006140000 192231020000
001023048000 192240157192
001000004000 192238025000
001178199000 192243244000
001018000000 192233196002
001228000000 192228068000
001074076064 192240152000
001025064000 192207141000
001022104000 192231146000
001032236000 192237078000
001008016000 192236124000
001088000000 192236224000
001007226000 192241120000
001179112048 192233198017
001066024000 192236010000
001007128000 192236000000
001074078000 192207046000
001009244012 192236118000
001031064000 192234102000
001011048000 192233201028
001023194000 192244080000
001178172000 192240125000
001009244014 192193208000
001025088000 192232054000
001007084000 192244246000
001178203031 192223046000
001178202000 192228005000
002017120108 192233200244
001000196000 192233193160
001009243048 192238002000
001235104000 192236212000
001023095000 192228093000
001208108000 192234204000
001024094000 192197222000
001244195000 192233197102
001232012000 192240125168
001208172128 192245037000
001071128000 192245006000
001039075000 192241084000
001018128080 192240159000
