TOTAL_VALUES=1000000
P=500
PARTITIONS=2000
001178203064 192241074000
002016055000 192241125000
001037027064 192197248000
001005000000 192229157000
002057255064 192196248000
001022040000 192231207000
001007224000 192241056000
001236060000 192206024000
001045000000 192233201064
001208148015 192241112000
001022051000 192223139000
001178203000 192193160008
001208169016 192223101000
002057225030 192195056000
001072000000 192234091000
001178192000 192178109134
002018060000 192223180000
001255227000 192206142000
001178064000 192243040000
001023121000 192238028000
001208147189 192232038000
002022116168 192236092000
001208169004 192243038000
001067224000 192234249000
001010010000 192228023000
001000024000 192199178000
001228128000 192227158000
002016240000 192189100000
001037034184 192208001234
002027243000 192195214000
001032238000 192207037000
001241200000 192193177000
002189242000 192233197085
001001126000 192209048000
001208112148 192234246000
001006137000 192195219000
001235136000 192190074000
004016054080 192223234000
001011000000 192241122000
001007244000 192196016000
001178199008 192209062128
001030056000 192229169000
002016243000 192229111016
001018128064 192234148000
004015017000 192230000000
001010064000 192229236000
002027192000 192240125096
002094196000 192233206165
001236061000 192209026012
001213113020 192233206224
001032201000 192223132000
002021175160 192240140000
001032234048 192229111136
001208112084 192233197084
004068071182 192188208000
002019005132 192229111001
001250000000 192225156000
004031213064 192210154000
001187216000 192238208128
002019007081 192188250000
001081064000 192207063000
001023073000 192223010048
001009250000 192228117000
001247006000 192214098000
001037069235 192244200000
004042035024 192178243158
001118036000 192231222000
003161050000 192236128000
002019005032 192178247202
001028104000 192244032000
001255120000 192178245230
001011088000 192233202200
001213113000 192237099064
001039032000 192234052000
001028172000 192226052000
001020120000 192244254000
002189252000 192229120000
001022068000 192234160000
001178202064 192237071000
001194160000 192234090000
001018126000 192198128000
001018112000 192235200000
001037069224 192228091000
001009244032 192233198024
001208178024 192236030000
002018184000 192234156000
001000192000 192210010000
001007064000 192233206192
001178104000 192178251236
002019118000 192234105000
001023093000 192235086000
003169100000 192241062000
001208178212 192225098000
002016172000 192229108000
003002032128 192216086000
001071116000 192238208008
001074076096 192206211000
002021175222 192240158128
001007144000 192234100000
002004000000 192211217000
001037036000 192238212000
001018128254 192233195236
001213105000 192233000000
001003000000 192243212000
001208114048 192233194031
001199251000 192189117000
001032212227 192214108000
001248219000 192214192000
002017109232 192236147006
001032200000 192241094000
001208179160 192208001232
001208168231 192197160018
001092000000 192208003000
001232246000 192165044000
001009244013 192178098216
003002052000 192229111008
001247202000 192207088000
002023136000 192185132000
001025048000 192231150000
001208112000 192228116000
001071104000 192233196089
004068038085 192214109000
002019236000 192232066000
002255253169 192240125192
001037128000 192240102056
001208148060 192231252000
001025032000 192236080000
002057225018 192244096000
002019099000 192226080000
002019007112 192122243000
002057225064 192178247014
001203114000 192209008000
001224190000 192219249000
001007168175 192230105000
002016170000 192233195143
002018067000 192234103000
002018214064 192238058000
002057225014 192216104000
001010128000 192216106000
001009070000 192240159128
001006000000 192238208064
001023012000 192178244128
001018128240 192207237000
001081032000 192210210000
001208168128 192178249112
001179112050 192231040000
002183000000 192225171000
002058048112 192188254000
002016103000 192234141000
003171160000 192178108186
002020051000 192218120000
004018033000 192207192000
002019007221 192206120000
003004015016 192193144000
002255252144 192233192213
002018213044 192233207000
001009243034 192178122192
002058166000 192178254036
001209094000 192244203000
001032240000 192235201000
001028176000 192225170000
001023248000 192234158000
001179246000 192206255000
001023160000 192231089000
001224039000 192234157000
002018021000 192189251000
002018249000 192234176000
001208112153 192234032000
001018117000 192218224000
001208112032 192188034232
004001117064 192207152000
001233004000 192210247000
004068070055 192215192000
001186094000 192229087136
002018253000 192210240000
002017111192 192240105064
004033208000 192241032000
001179002000 192199208000
001030164000 192223176000
001032205000 192233204044
002019006020 192178081248
002020134000 192206236000
001073096000 192245012000
001199248000 192234002000
001006232000 192226064000
003002069000 192241124000
001245048000 192229002000
001076080000 192216087000
001074072000 192241063000
001179112176 192228124000
001007176000 192244247000
001079005000 192240107000
001208168076 192241110000
001082208000 192238059000
001032252000 192233199076
001074076072 192241044000
001032217000 192238004000
002019004192 192190144000
001178193064 192223152000
001179112192 192197068000
001007248000 192204064000
001012128000 192233203178
001028100000 192216128000
001208114037 192233199064
001052000000 192231036064
002022172000 192186141132
002017208000 192229087004
001011096000 192206073000
001037035075 192198016000
002020200000 192233193033
001079184000 192229096000
001208148220 192238209016
001024088000 192230098000
001230120000 192241126000
002023184000 192233196188
002016136000 192233197080
001024220000 192223200000
001007164000 192234159000
003172074000 192223158000
001178000000 192206118000
001039072000 192241096000
001018128224 192228094000
002255253000 192231118000
002057039000 192178120024
001007168160 192238209131
001213152000 192240100000
001009072000 192240176000
001037034188 192232044000
002037064000 192199032000
001067232000 192233207032
001177128000 192243037000
001118000000 192207198000
003163239210 192234218000
001009241231 192208001235
001186093030 192235066000
002017041000 192243128000
002017120106 192243192000
002022116180 192207106000
001009071009 192238194000
001032230000 192241008000
001037035072 192219001000
001194216000 192240106128
001224038000 192233198144
001000008000 192234184000
001213151000 192233199220
001009241230 192206045000
001024240000 192178241015
002019007048 192231036003
001023032000 192198025000
002059204000 192234004000
002021175025 192178046236
002018211000 192208185000
001023174000 192234014000
001208170116 192241072000
002021175141 192243016000
002063234058 192221156000
001208112192 192218142000
001213104064 192203160000
002016008000 192214114000
001233128000 192237030000
001247004000 192241073000
001179113050 192223184000
001025036000 192238176000
001028042000 192233197208
002018215100 192236196000
001241016000 192178110144
001074200000 192218068000
001010134000 192223009000
001006144000 192198121000
001082240000 192234132000
002255249157 192233195144
001245064000 192231224000
001193214000 192234017000
001208178214 192203226000
001224064000 192233206128
003002038000 192178080012
001179080000 192232067000
001075224000 192188119000
001010192000 192233198164
002058204000 192244224000
001193213000 192178246024
001241230000 192232004000
001178024000 192206116000
002094120000 192178244068
001213151160 192230115236
001022006000 192204192000
001023133000 192237068000
001017000000 192238001000
001118037000 192234124000
001007168174 192241036000
001225162000 192231030000
001009241032 192240102048
001021064000 192178243022
001065184000 192198174000
001023184000 192189046000
001037027044 192229087016
001073064000 192233195140
001028192000 192219252000
001039192000 192228018000
001022144000 192234035000
001018128006 192233205032
001032212226 192238020000
001179227000 192244255000
001030088000 192240106032
001030192000 192233197057
003160098000 192233199216
001082192000 192209026013
002018214032 192237029000
001242064000 192195098000
001007016000 192234038000
001208115192 192240138000
001022062000 192178241206
001178017000 192218008000
003164140000 192223010052
001214072000 192195160000
003166206000 192236176128
001018131000 192237098192
002058210000 192232062000
001178192128 192236144000
001023088000 192229111131
002018215050 192228016000
001031192000 192129084000
002022116000 192223138000
001022128000 192236147004
003161208000 192230102000
002016116000 192189194000
001044064000 192235224000
001209028000 192234093000
001208112021 192198149000
001071119000 192225032000
001025192000 192234106000
001071102000 192243075000
002016119000 192233195102
001032251000 192238209064
002017108244 192230121000
001208148222 192197189000
001028156000 192197160072
001018128248 192236236000
001193152000 192208001192
001006240000 192233197112
001011080000 192232081000
001213104000 192241034000
002056136000 192178251160
002017042000 192240125176
001208178128 192234214000
001001004000 192190244000
001004001000 192234155000
001000064000 192245026000
001032237000 192233192252
001028180000 192238209136
001001010000 192191000000
001007168172 192178254220
001023122000 192237094064
001208168096 192221154000
001032212192 192238018000
001073250000 192232065000
002017109016 192244160000
001179112170 192178243182
001237132000 192198152000
002255249020 192207103000
003164045000 192216136000
002056174000 192225016000
001018128096 192233201144
001237016000 192222010000
002021175054 192216208000
001007168192 192178108148
001208148032 192190010000
002016153000 192229110000
001037028000 192245019000
002058048079 192178245154
001023064000 192238208144
001075016000 192206200000
001074208000 192238208130
002021175000 192233205128
001024048000 192240125064
001255192000 192237073000
002017064000 192234059000
001081096000 192233203177
001007162000 192188048000
002016009000 192233195234
001179216000 192223159000
001037029096 192243086000
001238027000 192233207040
001178192160 192225153000
001208147000 192233203180
001209090000 192238216000
002058048174 192232128000
001023180000 192237016000
001023008000 192178245072
001022011000 192231255000
001079128000 192236240000
001004016000 192234140000
002016010000 192238027000
001237005000 192184112000
004068111224 192237074000
002017111206 192237104000
001039096000 192229129000
001119205000 192178252196
001009241240 192234078000
001009244052 192233196000
001084192000 192207078000
001037069128 192230106000
001037080000 192207173000
001000197000 192198148064
001023004000 192178254152
001000018000 192238210000
001023114000 192235112000
001004032000 192214128000
001249110000 192206218000
001074076000 192236065000
001118003000 192189004000
001208112082 192236147008
002112000000 192234006000
002017110176 192195144000
001231200000 192207228000
002021175135 192231124000
002022076000 192178254069
001009096000 192189161000
001237136000 192233197032
001208179176 192243064000
003164123000 192241092004
002022054000 192190204000
002019250000 192188034236
002020249000 192233207048
002017111064 192208024000
003004012000 192188187000
002057208000 192236216000
001018160000 192203033000
001022032000 192235084000
002020109000 192208000000
001255031000 192206235000
001178205128 192233196176
001023014000 192193112000
001208174000 192188070000
002020040000 192229224000
001030048000 192178250212
001007028000 192240200000
002255249017 192207104000
001244000000 192197209000
002019006108 192203247000
002016015000 192236198000
001075196000 192240144000
002015200000 192235108000
001007000000 192219242000
002027100000 192178248082
001032218000 192243091000
001065176000 192227107000
001023026000 192240156064
001208112016 192235068000
001022216000 192178244116
002057100000 192228004040
001038208000 192211054000
001037029000 192233199017
001018119000 192219228000
001021160000 192240040000
001022036000 192233193224
001006226000 192195086000
001208168228 192229021000
001023176000 192225063000
001032226000 192236012000
002056167000 192237090000
001038248000 192187160000
001016064000 192233199218
001007108000 192233194096
001009244056 192225106000
001193160000 192238209002
001023087000 192207047000
001193208000 192234135000
002020008000 192233207036
001044032000 192208001014
001030040000 192198147176
002016228128 192236232000
004001082035 192208001152
004014158000 192227250000
002016171000 192232060000
004037154176 192190018000
001022168000 192230128000
003166040000 192237107000
001007151000 192218072000
001079032000 192233201140
003165217000 192233205048
001037068000 192200060000
002016012000 192238195000
001178203030 192223102000
001178193096 192203104000
001022012000 192203039000
002021013000 192210211000
002058199000 192232100000
001009068000 192234234000
002057160000 192186136000
002057220000 192233194120
001120000000 192241101000
005180081000 192234205000
001023060000 192232052000
002017109200 192234104000
001073076000 192210046000
001233008000 192245032000
004033218016 192206086000
003163252000 192233207144
001023094000 192233196004
001022238000 192206078000
003165076000 192178120058
001208120000 192233199080
001255232000 192231036200
003162151000 192228019000
001178068000 192233196081
001074076128 192223149000
001037074000 192189199000
001022022000 192240032000
001001112000 192193244000
002017109188 192229240000
001247203000 192214126000
002018212230 192236004000
002016242000 192237094128
002019006000 192219120000
002019007242 192207185000
001235160000 192232048000
004016054228 192207075000
001001127000 192178110198
002017108077 192233193000
001009246000 192216140000
001037027042 192234217000
003171247000 192233194200
002017136000 192236088000
001007168168 192206107000
002016035250 192223055000
001214080000 192234194000
001178199016 192233194128
001001064000 192231248000
002016019000 192160172000
002063234032 192188052000
001007182000 192231057000
002016154000 192178082172
001007088000 192238200000
002016074000 192237070000
001208145192 192189053000
001022096000 192234024000
001011092000 192232084000
001032222000 192234222000
002017012000 192223119000
001023208000 192178244056
001037072192 192178247154
001007026000 192233196112
001208114032 192230100000
001018128128 192233193128
001030168000 192200096000
002255183108 192225059000
001020080000 192216192000
002016090000 192243082000
001007168000 192178029231
001208148096 192236121000
001009244080 192233202192
002018011000 192245011000
002022044000 192208036000
002017109187 192228128000
002021175217 192203139000
001025008000 192203166000
001009241036 192233195101
002017120112 192210044000
001177192000 192233198032
002018215163 192233195133
001178007000 192208001008
001020119000 192228118000
001006138000 192231143000
002018096000 192240192000
001000198000 192225169000
001230198000 192190154000
004015020032 192233206228
001178202128 192230124000
001208148117 192229087128
001236220000 192233201026
001044097000 192225168000
002017110076 192228089000
002021231000 192230115128
004069064215 192195108000
001009071008 192237088000
001079176000 192178255182
001081000000 192233200192
002017111080 192241080000
001039184000 192178242181
001007025000 192193140000
002016130000 192235104000
001032000000 192230125000
001194176000 192240118000
001026000000 192238209144
001224128000 192240102128
002021160000 192234128000
001009071015 192195042000
001037072000 192230110000
002021175024 192229216000
001022148000 192229087129
002018064000 192193115128
001178032000 192244196000
001225128000 192195173000
001208146064 192231243000
001002016000 192233196044
001009241160 192189027000
002017203250 192227252000
001007148000 192238021000
002019060000 192233196184
002021114000 192233198056
002255254071 192238222000
001208113128 192227106000
001241002000 192236078000
001213113021 192240130000
001009241094 192232008000
001194024000 192240125128
001030000000 192241093000
001037069234 192195151000
001000017000 192238164000
001213112226 192207115000
001222000000 192233199192
002022116128 192230032000
001203115000 192197071000
001037016000 192178107004
001208146048 192237089000
001009240000 192234241000
001213108000 192178254116
001179222000 192233205160
002056118000 192233192120
002021121000 192231088000
001007001000 192233196088
001208112053 192230080000
001230202000 192232043000
001001012000 192237124000
001000020000 192234080000
001009071064 192229124000
001022003000 192233201116
001007161000 192234145000
001213151188 192229111064
001186128000 192231217000
002027246000 192243225000
001010160000 192241128000
002017109030 192233197224
002017109104 192184067000
002017110100 192234034000
001000200000 192232116000
001009241173 192233194192
002018212120 192231104000
001179112172 192233196016
002016174000 192233196038
001007232000 192234253000
001254230000 192178070020
005039017128 192238019000
001007202000 192241046000
001030112000 192233200160
002021096000 192236176029
002063172000 192235116000
001208112132 192237076000
001225160000 192240148000
001009241192 192178251080
002018212240 192238209008
001009241172 192178106104
001037069192 192197227000
001203124000 192178107048
001023007000 192243039000
001213096000 192178111034
001009071014 192233202106
002021048000 192210006000
001178206000 192231228000
001179113066 192231214000
001179113056 192230230000
001016000000 192238192000
002023177000 192206074000
001009128000 192243214000
004019016000 192178255238
001203092000 192233192249
001039073000 192232172000
001037096000 192197160098
002018212154 192193248000
001032192000 192233204048
001208178213 192178254200
002022036000 192227147000
004055140000 192241048000
001009250128 192188037000
002018204000 192208010000
001025128000 192237192000
001022164000 192233199210
001024032000 192207116000
001009251000 192189235000
001009244096 192219253000
001225091000 192240124000
001208114054 192231189000
001079016000 192240156128
001233000000 192178251184
002056103000 192221180000
001009241000 192231166000
002018031000 192233192214
002018213036 192233203000
001213112224 192189162000
001081080000 192226096000
001023172000 192195212000
001179113024 192193135128
004068070048 192218092000
001022020000 192203081000
001230104000 192207218000
002058097000 192233198000
001079192000 192198172000
001208148012 192233192216
002022220000 192233193040
001178198000 192188024000
001009241175 192188142000
002017109032 192226000000
001208106128 192216094000
001009241168 192223248000
001023071000 192241109000
001208145248 192229000000
001227198000 192178110132
001073080000 192231127000
001199000000 192230069000
002000000000 192234088044
001208169006 192234133000
002018000000 192222017000
001073078000 192233196102
001194192000 192243248000
002019007245 192178111001
001231020000 192231068000
001208112029 192244240000
001213150160 192223241000
001208148118 192223141000
001010008000 192209062192
001024000000 192206022000
001007246000 192229087002
001010016000 192178249198
001009244016 192197163000
001240016000 192178250150
001009071010 192233207034
002056158000 192193224000
001007143000 192178253088
001222224000 192237098000
001028016000 192187005000
001037027000 192243080000
001021224000 192241100000
001011128000 192243104000
001004002000 192188034240
002016248000 192238011000
002020248000 192231036006
001179112052 192231036016
001022004000 192233204102
003162241000 192178098012
001028041000 192241092000
001007240000 192231071000
001001128000 192209017000
001022050000 192234127000
001050000000 192207214000
002255254037 192234216000
002015128000 192178120196
002019007102 192228123000
004001117020 192209026000
002056149000 192188174032
001208112248 192244076000
003161018000 192186004000
001007136000 192178240064
001208147169 192234224000
002022016080 192243254000
002018214080 192233197088
001213113064 192223140000
002018092000 192237095000
001018128192 192232097000
001201064000 192230074000
001208160000 192178122216
001209208000 192243216000
001119128000 192178097126
001075192000 192241092016
001078120000 192245031000
002017121000 192238208002
001038232000 192230115219
003160160000 192238209132
001011040000 192233196039
001213150172 192214120000
001019000000 192240048000
001009241038 192223006000
001179217000 192197234000
002058212000 192230085000
002019007229 192208200000
001007096000 192190181000
001074000000 192216144000
001020000000 192243120000
001237248000 192245020000
002018214140 192236070000
001032206000 192178248174
001039208000 192178242250
001208148062 192238221000
001193212000 192241085000
003004012002 192188014000
001009244088 192234040000
001022035000 192240135000
002022236000 192206106000
001022212000 192188194000
001076088000 192210250000
001209000000 192237122000
001022210000 192187032000
001009244000 192234131000
002017206000 192229109000
002018088000 192178098016
001007003000 192223198000
002019007220 192233206164
002188032000 192233193248
002015194000 192234208000
001236000000 192178110053
004015016064 192219004000
001031224000 192206110000
001179228000 192206038000
001209160000 192188057000
002021168000 192178069188
001079006000 192243088000
002018062000 192236006000
002019007235 192190153000
001076064000 192223199000
001208171000 192206163000
001032248000 192233201115
001178092000 192233192212
001203096000 192193079000
001032128000 192240157128
003002032000 192237118000
002022156000 192207031000
002018213168 192236005000
001007204000 192243089000
002058048253 192195068178
001213150192 192236168000
001012040000 192236176064
001208116000 192223171000
003033058000 192198122000
002017111074 192207196000
001008001000 192223038000
001002006000 192231083000
001208000000 192214160000
001194096000 192209026014
001012016000 192244202000
001178204000 192236234000
001018064000 192234229000
002018214084 192190077000
002021228000 192240116000
002022022000 192199040000
001208147192 192241016000
002255248030 192178108080
001032234016 192193222000
002056152000 192234044000
002019004108 192229248000
001022184000 192206252000
001023204000 192244204000
001235140000 192189232000
002021014000 192178255044
001009064000 192231215000
001039008000 192209062234
003162091000 192166004000
001037024000 192178105244
001071168000 192208001032
001235000000 192232016000
001002003000 192212016000
001018123000 192208001072
001018129000 192234226000
002017038000 192231168000
002023226000 192232098000
001007203000 192233193240
001238010000 192227004000
001022052000 192178086017
001073000000 192232012000
001071016000 192228084000
001028048000 192223196000
001177160000 192240184000
001009244048 192233199212
003163044000 192233206226
001032234056 192203190000
002021175171 192231086000
001023024000 192231196000
001009245000 192233202224
001224000000 192230115208
003165248000 192240107200
001179014000 192236028000
002017106000 192163168000
002018212051 192225048000
001032208000 192178086137
001118048000 192238208032
001031040000 192193198000
001007208000 192207065000
002017109040 192243095000
001231208000 192233205076
001009243128 192203243000
002021175050 192178158032
001037072128 192235120000
001010135000 192237077000
001208114224 192208114000
002018224000 192233194115
001037030000 192232010000
001228254000 192190234000
001179226000 192178106092
001012000000 192206065000
001007109000 192206029000
001038128000 192236147000
001178198048 192233203176
002058048119 192228107000
002059136000 192203151000
002018054000 192243226000
001014000000 192226076000
001179113000 192193114000
001022069000 192232180000
001018192000 192225144000
001178198208 192236067000
001022072000 192240047000
001066068000 192227202000
001208178000 192219236000
001038211000 192233194030
002027050000 192232160000
001028044000 192178111238
002017254000 192244072000
001032221000 192230104000
002019173000 192198030000
002002000000 192190044000
001028228000 192240105120
001208148014 192178249252
001022145000 192241092128
003168192000 192206232000
001031128000 192204150000
002016042000 192244192000
001237144000 192227203000
002188232000 192172255000
001031196000 192227196000
002018212209 192240224000
002017110088 192209004000
002019083000 192245015000
001224168000 192193080000
001037040000 192228120000
001198000000 192233193037
001076076000 192210032000
002058048148 192228096000
001074076076 192233196041
001213153064 192211010000
001032241000 192193135000
001186096000 192234020000
001237183000 192231038000
001178199013 192178245252
001022141000 192178110150
001080000000 192229087132
001023193000 192233192208
001022070000 192234050000
001023030000 192193116144
001067236000 192240125120
001232000000 192231048000
001229203000 192233194000
001007082000 192206119000
002016220000 192225100000
001018125000 192241040000
001022000000 192232164000
001022237000 192234182000
001007168128 192200006000
001208114248 192208001017
001009244064 192197160044
002017035000 192240134000
001178198032 192240102064
002022062000 192234023000
003165058000 192237092000
001229192000 192233195239
001018144000 192188124000
002018018000 192218004000
002255249193 192207252000
001074224000 192197160014
002017110184 192193186000
001010000000 192238209004
002255248028 192225192000
002058102000 192236026000
001235096000 192223164000
002057215000 192198148008
002016052000 192193025000
001187064000 192230127000
001031032000 192232112000
001020124000 192208216000
001245052000 192229087130
002017120096 192245024000
001076008000 192203008000
001208106170 192195032000
001037072148 192228108000
002018191000 192198024000
004068062009 192236176024
002255251216 192240105112
001208178180 192233205060
001032213000 192230126000
001208150000 192189222000
001179088000 192218066000
002016100000 192233202064
001020126000 192178250164
001178199014 192178121008
005011013111 192240107192
002018167000 192231126000
002019007240 192207216000
001025040000 192206123000
002021175066 192223179000
001009241088 192240199000
001067000000 192240204000
001025016000 192195068179
001030176000 192233199000
001048000000 192237108000
002021175209 192231042000
001208169008 192240189000
001002005000 192189081000
001007056000 192236238000
001178192192 192238171000
003163239136 192234173000
001233002000 192227001000
004015021154 192198151000
001001096000 192178251054
002017004000 192240107128
001066094000 192235110000
002017111096 192240196000
001178198241 192209026064
001065000000 192178253048
001213104029 192229188000
002057154032 192231098000
001007140000 192178244136
002018212153 192188188000
003002036000 192208202000
001213150176 192231136000
001239032000 192178255096
002017108238 192178098228
002018214048 192178086060
001179113032 192234144000
001007181000 192233196084
001030188000 192190110000
002017109245 192240158096
002019007217 192234136000
001032250000 192233199016
001018130000 192206219000
002019007080 192226054000
001032234032 192166083000
001038240000 192206228000
001193000000 192190107000
002017111160 192207017000
003170229000 192206181000
001000000000 192228032000
001012034000 192178105086
001022206000 192245004000
001179212000 192178250064
001235112000 192197228000
001028232000 192231062000
001186064000 192230084000
001242008000 192241088000
001178199032 192208208000
001240008000 192233201112
001193189000 192234227000
001001001000 192231213000
002057225096 192207030000
001009241232 192233193068
001208147220 192124229000
001007060000 192210011000
004039128000 192243076000
001118032000 192230115212
002057198000 192233204032
001074077000 192234175000
001208147184 192245030000
002023166000 192222009000
001082032000 192243252000
001009241037 192197158031
002022116167 192233197086
001010032000 192231162000
001195200000 192244252000
001007024000 192241092032
001001009000 192178252224
001023134000 192231006000
001208148221 192178110218
001009071016 192233196077
002057225032 192193193000
001179024000 192236252000
002056177000 192218000000
001020064000 192221184000
001229224000 192245016000
001023186000 192234068000
001208179093 192229082000
001018128252 192230115192
001023006000 192233196104
001208147208 192231081000
001112000000 192188253000
004016055104 192197132000
002059076008 192223044000
002018117000 192240160000
002018214124 192195077000
001024216000 192233196072
001066032000 192198004000
002019007232 192236076000
001038214000 192244248000
001007172000 192195171000
001073224000 192209060000
004004196000 192231132000
001018128072 192225164000
001199128000 192231240000
001031000000 192234203000
002022116171 192233193168
001007192000 192197247000
001183192000 192237081000
001022232000 192233204000
004028139220 192243108000
002017122000 192234232000
001037034186 192173111064
001084000000 192222101000
002017110102 192229020000
001009241096 192234163000
002255254076 192178248026
001023255000 192241060000
001030096000 192234005000
001032234064 192209128000
001178023000 192196064000
001177216000 192190134000
004069215055 192234016000
001238032000 192214112000
004069218132 192235111000
001039168000 192178242196
001044128000 192236077000
002017034000 192233202226
001028152000 192244022000
002057192000 192233200144
001004000000 192229087064
002023100000 192234179000
001008000000 192178243244
002059182000 192241092008
002020132000 192230108000
001213104028 192208056000
002021175212 192223031000
001023168000 192245018000
001008128000 192215208000
001078112000 192235048000
003166096000 192229086000
002018213053 192178084140
001073240000 192233199160
001023221000 192178241190
001078096000 192238010000
002017110200 192207034000
002027176000 192240112000
002017109204 192210251000
001074196000 192238161000
001244116000 192184006000
001209224000 192229022000
001187192000 192236250000
001248072000 192208001068
001208172152 192231015000
001032204000 192197160100
002057106000 192237032000
001208113037 192229111002
003002097000 192234186000
002018214078 192222029000
001039076000 192227156000
001070000000 192234051000
002017108120 192231036032
002016025000 192190008000
001022140000 192236096000
001071144000 192240107224
003169004000 192212032000
001018122000 192233204101
001213115146 192241092064
001022225000 192208001240
004031224000 192219002000
001178205096 192233202227
001023080000 192216064000
002017108128 192231073000
002020004000 192233195132
001201032000 192234054000
002017210000 192178252211
001028144000 192178029031
001208147216 192178068186
002056126000 192241121000
001074192000 192243036000
001066020000 192240108000
001032202000 192216082000
001001002000 192233202109
002188076000 192233197064
002016137000 192236176032
001006160000 192235221000
001009244128 192231245000
002019007022 192237114000
002057155008 192243024000
003166026000 192233201114
002058045000 192178096152
002255249125 192236156000
002019004104 192233196048
001023132000 192236126000
002019005130 192245028000
001007104000 192175084000
001032235000 192178096164
001186000000 192207236000
001078127000 192237000000
001010012000 192241012000
001037072144 192197090000
001213113032 192189068000
002056111000 192178249157
002152000000 192229087003
002018212048 192237082000
001179112224 192228106000
001179112051 192178240142
001178203032 192234043000
002022116172 192225060000
002021008000 192233194028
001023192000 192178249127
002021175208 192173004000
001238002000 192208016000
002016224000 192236176028
001183208000 192216200000
002021175244 192210224000
004002133032 192233206238
001028184000 192197157000
001037027036 192234048000
001255224000 192243228000
001009000000 192233201170
001232224000 192178251204
001007152000 192231208000
001178184000 192178132000
001203116000 192237024000
002017195000 192233193036
001009243036 192231112000
001012064000 192206128000
002018030000 192234220000
001006231000 192233202128
001038184000 192230118000
001012032000 192214224000
001179048000 192197087000
004068110042 192233197059
001023152000 192178246161
001082128000 192206213000
001118008000 192236192000
002057150000 192233197099
001179112168 192237111000
002019081000 192237028000
001008009000 192236120000
002021175148 192230097000
001178002000 192238048000
002056048000 192210252000
002023148000 192241092002
002018209000 192233205039
001020125000 192233193252
001028148000 192195054000
001208145000 192237106000
002255000000 192193163000
002255251036 192241081000
002059062000 192238022000
001028112000 192240107208
001037064000 192233196076
002016186000 192236008000
001071176000 192234212000
001023113000 192245002000
001208114044 192236147064
001073246000 192219017000
001213115192 192216122000
001178196000 192233198182
001076148000 192234142000
001213115144 192233198020
001037034000 192187006000
001208172144 192175255000
002021175164 192244024000
001236048000 192188015000
001021096000 192178087156
001007169000 192236009000
002189088000 192178249160
002017203249 192227176000
001178198160 192243090000
001006192000 192244228000
001076016000 192178193000
001208106168 192231037000
001018127000 192233204040
001032234050 192193118000
001009250064 192245000000
001022048000 192197160022
001208145128 192238208132
001007168173 192231044000
001178090000 192245025000
001068000000 192178247016
004015022000 192230240000
001079002000 192237072000
001233003000 192233204112
001201008000 192173089000
002022092000 192207012000
002018214102 192234058000
002017109234 192233206232
004001064000 192244244000
001021144000 192236160000
002017201000 192237116000
001002008000 192243230000
001009241093 192189024000
002018252000 192206008000
001208106172 192209026254
001066080000 192238208001
001033000000 192231005000
001039152000 192178254252
001079066000 192223004000
001082000000 192208001134
001009243035 192207062000
001009248000 192237094032
001013000000 192240128000
001248216000 192237094160
001018116000 192190226000
001030160000 192244000000
001222208000 192233206166
001023205000 192203219000
001022160000 192238209130
002019005040 192231023000
001213113016 192207002000
001075008000 192206027000
002056096000 192241102000
001022211000 192225154000
002020243000 192240102000
001243000000 192233201169
002017108076 192243032000
001037027038 192243034000
001030092000 192208096000
001178004000 192208001148
003160068000 192232104000
002017110072 192243255000
002058048160 192231107000
002057148000 192236176000
001002000000 192206196000
001094000000 192234215000
001186092000 192240046000
001178198248 192193024000
002017111200 192223056000
004068062008 192238209128
001179112000 192243084000
002017110160 192235064000
002017109199 192197210000
002078040000 192230090000
002018105000 192232120000
004016049204 192238168000
001081008000 192230228000
002019007250 192178249128
002059162000 192231216000
001039220000 192198204000
001039224000 192236147016
001002064000 192221147000
002255249146 192223011000
001020128000 192207122000
001208115254 192242000000
001213112240 192223147000
002018214111 192236064000
002016167000 192207043000
002018214054 192231161000
001024224000 192232182000
002018214208 192178240184
001233224000 192235222000
002058048096 192231235000
001081094000 192238208192
002016084000 192232094000
001064000000 192205036000
002019007180 192178250084
001079080000 192178246184
001007168176 192231025000
001076128000 192197113000
002008000000 192196140000
001249112000 192232072000
002255250192 192211004000
002018206000 192216160000
001239004000 192205028000
002018165000 192209062224
002018029000 192236208000
001018128000 192233205152
002058108000 192223128000
001193148000 192223192000
001074128000 192234150000
001177000000 192237119000
001213153110 192209026073
001076160000 192193189000
001025144000 192178246060
001208112081 192178106222
001208112064 192240156080
002027118000 192233198168
001208169000 192233195224
001032246000 192206148000
001178096000 192203048000
001214128000 192234008000
002058048057 192228004000
002059024000 192241076000
002021175143 192244128000
001208179192 192206018000
001213116000 192234088032
001002004000 192240157000
001024192000 192208009000
001007142000 192230224000
001032234000 192207091000
001022008000 192200136000
001212000000 192206176000
001178203014 192233204128
002019012000 192234096000
002019004079 192238032000
001009243000 192244144000
001009244090 192206105000
001208178016 192178240202
001071103000 192234180000
002022063000 192197160042
001009241224 192222030000
002020096000 192234041000
001179117000 192234000000
002019005128 192178252184
001076152000 192237097000
001179112160 192234167000
002017120048 192240137000
001255000000 192205195000
001030104000 192204104000
001032234051 192231084000
001007048000 192236032000
001011032000 192235128000
002017109222 192178028084
004068062103 192240150000
002018036000 192203181000
001022152000 192208224000
001004128000 192225026000
001178048000 192240191000
001223000000 192200214000
001000224000 192236069000
001247200000 192223252000
001178080000 192194132000
002021075000 192234112000
001002032000 192234192000
002017111216 192228064000
001009192000 192233199224
001007225000 192236210000
001178175000 192208004000
001178207000 192215064000
001208168115 192243208000
001248208000 192235069000
001032219000 192234126000
001079004000 192207099000
002017008000 192232088000
001010011000 192234088047
001007110000 192178250001
002017128000 192233199072
001023188000 192203168000
001008064000 192232050000
001213104128 192233198192
001028040000 192226040000
001024208000 192190111000
001030052000 192233198052
001022188000 192206254000
001242007000 192240106016
001074240000 192207178000
003024000000 192232082000
001044098000 192241000000
001237135000 192230092000
001119206000 192178158012
001000001000 192210144000
002019007246 192189048000
001037029128 192234022000
004042075160 192233194032
002016143000 192223053000
003161000000 192189040000
001179064000 192178241126
002021175197 192233205078
001039164000 192237098128
003004028000 192233205056
002016023000 192231188000
001203000000 192233205036
001000002000 192182192000
002181200000 192234072000
001022010000 192234153000
001037000000 192233199074
001023178000 192223249000
002188176000 192233199021
001208178184 192243020000
004069231081 192231011000
001118002000 192241104000
001007002000 192238012000
001004008000 192214115000
001241032000 192233197058
001238012000 192233197145
001074076080 192229087160
001002128000 192178255248
001022163000 192178246082
001023185000 192245014000
001232247000 192233202198
001213115208 192233198160
001199224000 192238208004
002021175076 192197076000
001012036000 192203148000
001044100000 192233205159
002017109147 192229125000
001213104030 192178240136
001025024000 192231191000
001024128000 192233202202
002017108242 192233197104
001178205112 192233201102
001079068000 192216092000
001116000000 192178098156
002017045000 192207004000
001245050000 192227201000
002018215112 192245036000
002019007088 192187140000
001007062000 192243110000
002018212158 192229032000
001178001000 192230115240
004068127199 192234200000
001208115240 192233193072
001178205080 192178251168
001007080000 192196160000
002058024000 192233205058
002057152008 192209000000
001178031000 192238024000
001039222000 192229080000
001028028000 192197214000
001023089000 192209026080
002027254000 192237083000
001235192000 192197160020
001093000000 192211000000
001213153108 192210136000
001208113036 192244020000
002020104000 192233201080
001208112152 192243033000
001022112000 192233195240
001030080000 192234076000
001037035128 192233193034
001208178182 192240117000
002019000000 192237126000
002255249127 192234213000
001025160000 192178145000
002255251112 192240158000
001066093000 192190106000
001016128000 192207098000
001208172160 192178249245
001018132000 192189144000
001076192000 192234001000
002017109041 192233193024
001238018000 192193196000
001022192000 192207014000
003172003000 192206178000
002017109039 192178121040
002018215114 192211128000
002019232000 192208052000
002059058000 192178249208
001178128000 192178245004
001208147224 192244008000
002017023000 192215048000
001179240000 192229208000
001208114053 192196163000
001208106176 192178249140
002019007208 192210212000
002018178000 192234223000
001208148016 192233193026
001023207000 192210128000
001119000000 192178246157
001230196000 192203203000
001075015000 192231014000
001179004000 192231254000
002016164000 192208190000
001032244000 192178245064
002016118000 192178243047
001018128004 192231090000
002018082000 192178244044
001009241095 192195203000
002056187000 192238224000
001179118000 192207174000
001075032000 192233200248
003005192000 192243094000
001037035096 192210001000
001000032000 192233202208
002017111106 192233207064
003161216000 192233192126
001066091000 192234125000
001021128000 192234170000
001001016000 192240157160
002017120120 192235087000
001255078000 192223052000
004031128000 192229237000
001022224000 192178254186
001074064000 192243000000
001007184000 192207240000
001178029000 192223123000
001082064000 192238209000
002255249084 192206161000
001178193128 192238209129
001029000000 192196222000
001018120000 192195168000
001208112052 192193191000
001008002000 192240146000
002019007239 192178253000
002017120000 192234108000
001201002000 192235075000
001225161000 192211046000
001022024000 192209026096
001039000000 192233198049
001071118000 192237099000
001007170000 192236148000
001009241064 192178240100
001009071000 192243085000
001023070000 192234088128
002057132000 192209026011
001118096000 192225162000
001022007000 192233196186
002016182000 192233202196
003160082000 192240188000
001044048000 192178106184
001208178032 192233198064
004037154188 192178245166
002020060000 192178249200
002017110014 192233199184
002018166000 192240064000
002018213034 192203252000
001075208000 192207096000
001028224000 192196220000
001225096000 192178121086
002059052000 192231170000
002027063000 192223049000
001037029068 192221254000
001011095000 192244064000
002019120000 192233205038
001242032000 192236029000
001022208000 192240106024
001001120000 192244112000
002016124000 192230208000
001119204000 192209026076
001007200000 192243231000
001000208000 192229087131
001208168192 192193159000
001007004000 192233204104
001179112128 192230231000
002019193000 192233196078
001208115000 192233202204
002017108112 192221251000
001020072000 192241047000
001039074000 192226044000
001208113038 192238060000
001023084000 192231031000
001037034128 192208001023
001233208000 192178253062
001022146000 192233198176
001038200000 192208057000
002059132000 192178253056
001022080000 192233196101
001179116000 192231022000
002012000000 192178254202
001022200000 192237120000
002018212192 192178108182
001022056000 192243092000
001178030000 192214064000
002255251202 192178242252
001178168000 192231233000
001039180000 192188185000
001025000000 192233205158
001022088000 192243081000
001255128000 192243074000
001018124000 192178108076
001021192000 192238208129
001009244008 192241095000
001008032000 192233202000
004068038024 192231134000
001244128000 192243096000
001037084000 192228079000
001007081000 192178246252
001022176000 192229172000
001037027048 192240103000
001178205192 192197145000
005008190000 192233205000
002019048000 192233200158
001208112144 192238170000
001230108000 192195198000
001187128000 192216202000
002078128000 192226056000
002016142000 192233193175
002057153008 192195070000
001208169128 192236248000
002019199000 192234146000
001241192000 192196184000
001006224000 192233194196
002018215108 192244016000
001028024000 192178247244
002059194000 192195220000
002022019000 192233128000
001012048000 192185178000
001022226000 192238128000
001009241176 192238208000
001208168072 192219029000
001237172000 192203211000
001208112020 192231236000
002056212000 192214097000
001209016000 192229016000
001065128000 192203140000
002027080000 192223122000
002057250000 192234210000
001213112225 192244232000
001011064000 192223037000
001039004000 192189136000
001009241080 192208001096
001022031000 192197160093
001213150128 192228021000
002059054000 192233194208
001213150168 192229212000
001007228000 192218228000
001044016000 192207084000
001037035064 192188150000
001004004000 192193152000
001023072000 192233206160
001037069233 192229130000
002056004000 192240104000
001001124000 192240000000
001066090000 192178083138
001178176000 192231244000
002255251209 192216120000
002016003000 192232036000
002016035240 192238172000
001187096000 192240105128
001051000000 192197096000
001244064000 192234110000
002021152000 192237064000
001023206000 192200216000
001193190000 192237084000
001255074000 192244078000
002021092000 192221000000
001024080000 192178250092
001008004000 192238144000
002016062000 192237121000
001208168064 192188008000
005035160192 192240156000
001065160000 192225240000
003004015064 192238208160
001187160000 192235079000
001214064000 192236178000
002017028000 192178068166
001001000000 192178253228
001007008000 192231000000
004168000000 192216080000
001018118000 192231036008
001074076075 192230115000
001178086000 192207090000
001020112000 192231182000
001044024000 192234147000
001007160000 192234252000
004068039155 192236180000
001208112088 192245034000
001009244049 192200208000
001037032000 192230115215
001179016000 192178084236
002058170000 192223151000
001021112000 192178252074
001239000000 192243224000
004069219227 192178075098
001236008000 192178098008
003005180000 192243072000
002020052000 192197174000
002027125000 192233198136
001009241092 192214110000
001178065000 192233206176
001178200000 192193242000
001078128000 192178250003
001008008000 192197188000
002058148000 192240125112
002019180000 192243218000
001039016000 192233197098
001000016000 192178245008
002016080000 192231092000
001208147168 192198148000
002017217000 192235208000
002058064000 192178245088
001245128000 192238000000
001010136000 192233192125
002255183080 192233205077
001077000000 192231178000
001018128016 192157025112
001201004000 192216062000
001178066000 192241082000
001009244051 192233204043
002018212216 192199060000
001079224000 192218140000
002020152000 192240208000
001225092000 192233200128
001231194000 192200184000
001007150000 192234089000
001066064000 192234230000
001001032000 192234228000
002021175071 192182080000
001009244092 192184068000
002018118000 192178241036
004152000000 192178252182
001024040000 192203235000
001018128008 192208013000
001071192000 192233192240
001079096000 192207146000
001000128000 192234188000
001213115206 192223250000
001213104016 192240158064
001039216000 192178111088
001022077000 192243220000
001008012000 192233198167
001024096000 192238008000
001023252000 192232070000
002018212160 192234070000
002021175070 192243112000
002018115000 192243232000
001247032000 192195199000
001032212224 192235016000
003002083000 192228112000
001023000000 192233202108
001239001000 192236125000
001009243040 192231036036
002017209000 192229184000
001235138000 192195068185
001119224000 192245010000
001009241228 192240194000
002018215000 192235074000
001235139000 192219016000
001178010000 192178110136
001073072000 192243217000
001065188000 192231009000
002017120115 192228000000
001179113018 192241035000
001006128000 192231067000
002057153001 192197202000
001006230000 192237094000
001010132000 192234042000
001208178160 192240120000
001187180000 192235070000
001002002000 192178244082
001178091000 192208058000
002018212068 192234130000
001199250000 192234254000
001079008000 192234152000
002018176000 192207147000
002019007218 192237080000
001193216000 192198028000
001066000000 192231012000
001032214000 192165126000
001213151176 192241064000
001160000000 192233198018
001242004000 192234250000
001001008000 192240203000
002255249028 192240202000
001208112145 192178252100
001231196000 192196176000
002027124000 192229092000
001231016000 192237026000
002016165000 192206138000
001032242000 192233201078
001009080000 192234088046
002056012000 192229111004
002058008000 192236176030
001209029000 192231017000
001086000000 192204005000
004068062164 192197160064
002019214000 192243048000
001022190000 192230115238
002018106000 192235080000
001022142000 192178240030
002018214056 192188094000
002059016000 192218014000
002017148000 192178140000
001037034192 192234247000
002016065000 192237091000
002018214220 192209063000
001007112000 192240129000
002057003000 192178249097
001184000000 192243213000
001037072160 192193124000
002059077000 192238208016
001007032000 192233201096
002019004091 192240195000
001237174000 192233199208
001178016000 192197160032
001032227000 192238160000
001208112030 192244208000
001247005000 192240156096
001009244050 192243240000
001178199128 192238209192
001023090000 192234088048
001009071012 192203238000
002020178000 192233200240
001006136000 192184008128
001022034000 192233202199
001222192000 192178045228
001007180000 192240132000
003160064000 192200010000
001032212128 192234101000
001037034180 192237098160
001213153128 192233202232
001179120000 192211048000
001067128000 192231184000
001028168000 192218002000
001179114000 192207048000
001231064000 192233201176
001208114252 192240154000
001066128000 192233194114
001225168000 192238023000
001179244000 192231231000
002018212194 192211124000
001241224000 192178085101
001179060000 192245008000
002017110062 192233193039
002018016000 192234236000
001244194000 192233201032
001018136000 192233199010
001230105000 192178250042
002255254248 192233198166
001022136000 192233196189
001009243064 192234056000
001178101000 192231165000
002027050032 192193228000
002017110000 192240136000
001178198240 192223129000
001178203028 192225002000
002056064000 192237105000
001076144000 192189138000
001022084000 192240190000
001075000000 192243073000
001179224000 192195038000
001022030000 192236147032
001011056000 192178246064
002027064000 192237096000
002017108108 192207013000
001242128000 192193200000
002020142000 192234195000
001177152000 192238026000
004001117040 192233196003
001037072147 192227002000
002255252036 192236112000
001213104032 192189113000
002056208000 192203000000
001208112254 192233205040
001037035074 192233195100
001208106175 192235207000
001009250032 192230192000
002017192000 192233208000
001178198192 192195068163
002017203252 192231183000
001006229000 192178109160
001179056000 192237094048
001022002000 192236184000
001009071032 192207072000
001188000000 192207206000
001023086000 192235202000
002020013000 192178245196
001179012000 192234168000
001006140000 192231020000
001238016000 192193064000
001179113020 192240157192
001023048000 192190012000
001000004000 192238025000
001020096000 192197140000
001209192000 192243244000
001178199000 192178246234
001018000000 192233196002
003173200000 192178083008
001228000000 192228068000
002056104000 192223028000
001074076064 192240152000
001179062000 192233201103
001025064000 192200212000
002020160000 192207141000
001022104000 192231146000
004068038204 192222028000
001032236000 192237078000
002019064000 192233207142
001066092000 192236124000
001008016000 192231070000
001208168230 192236224000
001088000000 192193117000
001078100000 192241120000
001007226000 192195011000
001179112048 192233198017
002178000000 192178252168
001208168224 192236010000
001066024000 192234134000
001178081000 192236000000
001007128000 192227251000
001074078000 192188176000
001118036128 192207046000
001028096000 192236118000
001009244012 192199064000
002016018000 192234102000
001031064000 192230064000
001178020000 192233201028
001011048000 192233199188
001209180000 192231116000
001023194000 192244080000
003166012000 192178248238
001178172000 192240125000
001009244014 192193208000
001024064000 192188121000
002019214009 192232054000
001025088000 192197158128
001007084000 192244246000
002017108232 192232034000
001179208000 192138016000
001178203031 192223046000
001187176000 192228005000
001178202000 192223010128
002017120108 192203035000
003174173000 192233200244
003004012044 192225056000
001000196000 192233193160
001009243048 192238002000
001020117000 192237128000
002058236000 192206087000
001235104000 192236212000
001023095000 192193171000
001025092000 192228093000
001213150000 192234204000
001208108000 192223162000
001255228000 192195187000
001024094000 192197222000
001244195000 192233197102
003163239224 192233196040
001232012000 192240125168
002017108248 192233207141
001230224000 192245037000
001208172128 192238162000
001071128000 192245006000
002057162000 192237125000
001039075000 192241084000
002017111218 192233198143
001018128080 192231033000
002019007228 192240159000
