TOTAL_VALUES=1000000
P=2000
PARTITIONS=500
001005000000 192241125000
001007224000 192241056000
001022051000 192241112000
001072000000 192234091000
001023121000 192243040000
001067224000 192243038000
001000024000 192228023000
001032238000 192208001234
001001126000 192234246000
001007244000 192241122000
001018128064 192234148000
001010064000 192240125096
001032201000 192240140000
001032234048 192233197084
001187216000 192238208128
001009250000 192228117000
001037069235 192244200000
001011088000 192244032000
001020120000 192244254000
001022068000 192237071000
001009244032 192235200000
001000192000 192236030000
001023093000 192241062000
001071116000 192238208008
001007144000 192240158128
001003000000 192243212000
001032212227 192233194031
001032200000 192241094000
001009244013 192229111008
001025048000 192231150000
001071104000 192240125192
001025032000 192244096000
001203114000 192226080000
001007168175 192234103000
001009070000 192240159128
001006000000 192238208064
001179112050 192231040000
002016103000 192234141000
002018213044 192233207000
001009243034 192244203000
001023160000 192234158000
001208112153 192234176000
001018117000 192218224000
001186094000 192240105064
001030164000 192241032000
001073096000 192245012000
001006232000 192241124000
001007176000 192244247000
001032252000 192241110000
001032217000 192238004000
001007248000 192233203178
001011096000 192231036064
001037035075 192238209016
001024088000 192241126000
001007164000 192234159000
001018128224 192241096000
001007168160 192240176000
001067232000 192243037000
001009241231 192243128000
001009071009 192243192000
001000008000 192240106128
001009241230 192233199220
001023032000 192234004000
001023174000 192243016000
001208112192 192237030000
001025036000 192241073000
001010134000 192236196000
001006144000 192234132000
001193214000 192234017000
001010192000 192244224000
001178024000 192232004000
001017000000 192238001000
001007168174 192241036000
001021064000 192229087016
001022144000 192234035000
001018128006 192244255000
001030192000 192237029000
001007016000 192240138000
001178017000 192236176128
001018131000 192237098192
001022128000 192236147004
001044064000 192235224000
001025192000 192243075000
001032251000 192238209064
001006240000 192236236000
001011080000 192241034000
001000064000 192245026000
001001010000 192238209136
001023122000 192238018000
001179112170 192244160000
001018128096 192233201144
001007168192 192229110000
001023064000 192245019000
001024048000 192240125064
001007162000 192234059000
001037029096 192243086000
001023180000 192238216000
001004016000 192236240000
001237005000 192238027000
001009241240 192234078000
001000197000 192230106000
001000018000 192238210000
001074076000 192236147008
001231200000 192234006000
001009096000 192243064000
002019250000 192241092004
001018160000 192236216000
001022032000 192235084000
001023014000 192229224000
001007028000 192240200000
001007000000 192240144000
001023026000 192243091000
001022216000 192235068000
001018119000 192240040000
001006226000 192236012000
001007108000 192237090000
001009244056 192238209002
001030040000 192236232000
002016171000 192232060000
001007151000 192237107000
001037068000 192238195000
001022012000 192232100000
001009068000 192241101000
001023060000 192234205000
001023094000 192245032000
001022238000 192233199080
001037074000 192233196081
001001112000 192240032000
002016242000 192237094128
001001127000 192233193000
001009246000 192236088000
001007168168 192234194000
001001064000 192231248000
001007088000 192238200000
001011092000 192234222000
001007026000 192233196112
001018128128 192233193128
001007168000 192243082000
002017109187 192245011000
001009241036 192233198032
001006138000 192233195133
001000198000 192240192000
001044097000 192233201026
001009071008 192237088000
001039184000 192241080000
001007025000 192240118000
001009071015 192240102128
001022148000 192230110000
001002016000 192244196000
001007148000 192238021000
001208113128 192238222000
001009241094 192241093000
001000017000 192238164000
001037016000 192237089000
001009240000 192234241000
001007001000 192233196088
001000020000 192237124000
001007161000 192243225000
001010160000 192241128000
001000200000 192233196016
001007232000 192238019000
001007202000 192241046000
001009241192 192240148000
001009241172 192243039000
001009071014 192233202106
001016000000 192238192000
001009128000 192243214000
001032192000 192233204048
001009250128 192241048000
001009251000 192237192000
001009244096 192240156128
001009241000 192233192214
001023172000 192233203000
001022020000 192218092000
001079192000 192233198000
001009241175 192226000000
001009241168 192241109000
001073080000 192234133000
001073078000 192243248000
001208112029 192244240000
001007246000 192229087002
001009071010 192233207034
001007143000 192243080000
001004002000 192243104000
001022004000 192233204102
001001128000 192241092000
001050000000 192234216000
001208112248 192244076000
001007136000 192243254000
001018128192 192237095000
001075192000 192243216000
001038232000 192245031000
001009241038 192240048000
001007096000 192230085000
001020000000 192245020000
001032206000 192241085000
001009244088 192240135000
001022210000 192237122000
001007003000 192234131000
001236000000 192234208000
001031224000 192219004000
001079006000 192243088000
001032248000 192233201115
001032128000 192240157128
001007204000 192243089000
001012040000 192236176064
001002006000 192231083000
001012016000 192244202000
001208147192 192241016000
001022184000 192234044000
001009064000 192244204000
001037024000 192209062234
001002003000 192234226000
001007203000 192233193240
001022052000 192232012000
001009244048 192240184000
001009245000 192233202224
001179014000 192240107200
001007208000 192238208032
001009243128 192243095000
001010135000 192237077000
001012000000 192232010000
001007109000 192236147000
001014000000 192243226000
001018192000 192240047000
001038211000 192233194030
001028044000 192244072000
001022145000 192241092128
001031128000 192244192000
001031196000 192240224000
001037040000 192245015000
001074076076 192233196041
001032241000 192234020000
001022070000 192234050000
001023030000 192240125120
001007082000 192241040000
001007168128 192234182000
001178198032 192240134000
001018144000 192233195239
001010000000 192238209004
001235096000 192236026000
001020124000 192232112000
001037072148 192245024000
001208178180 192240105112
001032213000 192233202064
001020126000 192240107192
001009241088 192240199000
001025016000 192240204000
001002005000 192240189000
001178192192 192238171000
001001096000 192240196000
001065000000 192231098000
001007140000 192231136000
001179113032 192234144000
001007181000 192240158096
001018130000 192233199016
001038240000 192207017000
001000000000 192245004000
001028232000 192241088000
001001001000 192234227000
001007060000 192233193068
001074077000 192243076000
001009241037 192245030000
001007024000 192244252000
001001009000 192233196077
001020064000 192236252000
001018128252 192245016000
001023006000 192233196104
001024216000 192240160000
001007172000 192244248000
001018128072 192231240000
001007192000 192237081000
001022232000 192243108000
001009241096 192234163000
001023255000 192241060000
001177216000 192235111000
001028152000 192244022000
001004000000 192234179000
001213104028 192241092008
001008128000 192245018000
001023221000 192238010000
001074196000 192240112000
001187192000 192236250000
001032204000 192237032000
001039076000 192234186000
001022140000 192240107224
001018122000 192241092064
001023080000 192233202227
001028144000 192234054000
001066020000 192243036000
001001002000 192236176032
001006160000 192243024000
002019004104 192236156000
001007104000 192245028000
001010012000 192241012000
001213113032 192237082000
001178203032 192234043000
001023192000 192233194028
001183208000 192236176028
001009000000 192243228000
001007152000 192237024000
001009243036 192234220000
001006231000 192233202128
001023152000 192236192000
001008009000 192237111000
001178002000 192241092002
001020125000 192237106000
001028112000 192241081000
001023113000 192245002000
001073246000 192236147064
001037034000 192234142000
001007169000 192244024000
001006192000 192244228000
001018127000 192233204040
001007168173 192245000000
001068000000 192245025000
001201008000 192234058000
001021144000 192244244000
001002008000 192243230000
001033000000 192238208001
001009243035 192240128000
001018116000 192244000000
001022160000 192238209130
001022211000 192241102000
001030092000 192243034000
001178004000 192243255000
001002000000 192240046000
001178198248 192243084000
002017109199 192235064000
001081008000 192238168000
001002064000 192236147016
001020128000 192242000000
001024224000 192232182000
001081094000 192238208192
001007168176 192231025000
001076128000 192232072000
001239004000 192236208000
001018128000 192234150000
001025144000 192237119000
001208112064 192240156080
001032246000 192234008000
001208179192 192244128000
001002004000 192240157000
001022008000 192234096000
001009243000 192244144000
001009241224 192234180000
001076152000 192237097000
001030104000 192240137000
001007048000 192240150000
001004128000 192240191000
001000224000 192236069000
001002032000 192234192000
001007225000 192243208000
001032219000 192235069000
001007110000 192234088047
001008064000 192233198192
001022188000 192240106016
001044098000 192241000000
001000001000 192234022000
001179064000 192233205078
001039164000 192237098128
001000002000 192234153000
001023178000 192243020000
001004008000 192241104000
001002128000 192233197145
001023185000 192245014000
001012036000 192233205159
001024128000 192233202202
001079068000 192233201102
001007062000 192245036000
001178001000 192234200000
001007080000 192233205058
001023089000 192238024000
001093000000 192237083000
001022112000 192244020000
001030080000 192240117000
001025160000 192240158000
001016128000 192234001000
001022192000 192233193024
002017109039 192211128000
001178128000 192244008000
001208106176 192234223000
001023207000 192233193026
001032244000 192231254000
001009241095 192231090000
001075032000 192243094000
001000032000 192233207064
001001016000 192240157160
001022224000 192243000000
001007184000 192238209000
001018120000 192238209129
001008002000 192240146000
001022024000 192237099000
001007170000 192243085000
001022007000 192233202196
001044048000 192240188000
002017110014 192240064000
001028224000 192231170000
001011095000 192244064000
001001120000 192244112000
001000208000 192243231000
001007004000 192233204104
001020072000 192241047000
001022146000 192233198176
001022080000 192233196101
001022056000 192243092000
001039180000 192231233000
001018124000 192243081000
001008032000 192241095000
001007081000 192243096000
001037027048 192240103000
001187128000 192238170000
001208169128 192236248000
001006224000 192244016000
001012048000 192238128000
001009241176 192238208000
001065128000 192229016000
001011064000 192244232000
001009241080 192233194208
001007228000 192229212000
001004004000 192240104000
001001124000 192240000000
001051000000 192240105128
001023206000 192237084000
001008004000 192244078000
001065160000 192240156000
001187160000 192238208160
001001000000 192231036008
001020112000 192234147000
001007160000 192245034000
001021112000 192230115215
001236008000 192243224000
001009241092 192233206176
001008008000 192240125112
001000016000 192243218000
001208147168 192238000000
001010136000 192233205077
001009244051 192241082000
001079224000 192240208000
001001032000 192234230000
001009244092 192203235000
001000128000 192234188000
001022077000 192243220000
001008012000 192238008000
001032212224 192243232000
001009243040 192236125000
001009241228 192245010000
001073072000 192243217000
001006128000 192241035000
001006230000 192240120000
001002002000 192235070000
001079008000 192237080000
001032214000 192241064000
001001008000 192240203000
001208112145 192237026000
001009080000 192234088046
001086000000 192236176030
001022142000 192243048000
001037034192 192234247000
001007112000 192240129000
001007032000 192243213000
001032227000 192240195000
001009244050 192244208000
001006136000 192234088048
001007180000 192240132000
001032212128 192237098160
001028168000 192233201176
001066128000 192240154000
001179060000 192245008000
001018136000 192234236000
001009243064 192234056000
001178198240 192240136000
001022084000 192243073000
001011056000 192237096000
001177152000 192238026000
001037072147 192236112000
001037035074 192235207000
001009250032 192233208000
001006229000 192237094048
001023086000 192235202000
001006140000 192240157192
001000004000 192243244000
001018000000 192233196002
001025064000 192240152000
001022104000 192237078000
001008016000 192236224000
001007226000 192241120000
001007128000 192236010000
001009244012 192236118000
001011048000 192234102000
001023194000 192244080000
001009244014 192232054000
001007084000 192244246000
001178202000 192233200244
001000196000 192238002000
001023095000 192236212000
001024094000 192234204000
001232012000 192240125168
001071128000 192245037000
001018128080 192241084000
