SOURCE=name_charmap_P5.txt
P=5
LMAX=10
PARTITIONS=200000
QUERIES=1000
193667
198562
197993
188739
188689
191675
199952
199985
171603
193616
198626
199806
199373
194035
198065
193616
199889
193354
198473
197412
197116
199657
196391
199831
198383
196866
197961
199801
198407
199314
199701
199867
199939
199740
191198
198346
199619
194153
193616
199803
199547
199993
197843
199891
198902
199597
198657
199473
197311
199443
197568
199684
199150
199968
199643
199999
198497
192740
198828
199949
194581
199653
198932
199822
199949
199920
184787
197764
197552
199295
198812
199993
195253
199708
199984
198469
199846
199812
199569
199979
198268
199745
199816
199927
199320
197729
199595
199969
198844
199080
186055
199993
199891
198326
187001
199484
197781
199177
199082
197740
198591
199311
199625
199867
197280
189536
199945
199913
183654
196946
197479
198678
199965
199498
199910
198346
192049
199302
199382
199291
198317
196946
189084
199962
199819
199800
196830
193306
199121
191477
199990
199886
195259
197499
199576
197644
194790
199335
199155
191675
199487
199359
199600
198284
199918
199894
184486
198975
197499
198915
199986
198034
196866
195901
199533
199130
198839
199952
199243
191477
199912
198078
197616
189536
199564
199765
198578
198484
199177
197887
197219
199945
199995
198685
199763
199938
198473
199947
198077
186904
195253
199198
197417
195084
199943
197568
199715
199547
199197
199927
197781
196954
192740
199991
197115
193115
199975
196614
197215
198685
171083
199660
199732
199865
199670
196897
198677
193308
198065
197781
198664
198830
198719
184486
196641
199059
199913
194271
197799
198776
199871
199988
193242
199749
198346
197666
199925
199471
191675
199480
199150
193308
199634
196547
196820
199977
198120
199839
184787
199893
197813
199587
198002
199896
197839
193308
199623
186055
198203
197685
199853
199246
198007
197385
199943
199831
199582
199932
199808
188689
199740
199934
196094
199844
199269
198591
199449
199152
199075
183654
199235
183654
199577
197799
198981
199687
199013
199631
199863
198626
193354
196820
199942
189084
199507
186794
198842
184787
199041
199699
196717
199994
194840
199873
198915
195960
198061
193308
193308
199948
199518
199587
194153
198830
199999
198188
197306
199867
198716
195430
199291
199996
199022
199636
198078
199838
199997
197594
191675
199808
199032
199915
191675
199876
197799
197626
199585
199245
199292
199809
199768
198661
199356
191477
193228
198214
199753
199913
198561
196303
198178
196591
187001
199957
199987
198026
199381
199972
199995
197970
198524
198568
197568
197764
198777
198120
198603
197294
199582
199592
197887
198996
193616
199196
198585
199246
199874
199987
199829
199405
197594
192740
199009
199586
199965
196946
197374
196591
186055
198241
193283
198797
193306
193617
198569
198817
199678
199289
199871
196135
198345
199435
199923
197124
198593
199639
184787
198456
199214
199563
197731
199610
191477
190676
186055
197583
199661
199990
199412
199823
198490
197397
198915
199426
199952
183654
198991
199368
199334
199754
199732
188739
199155
199066
197764
197865
199571
199957
197950
199852
199734
193308
199039
193283
199734
199842
199273
197411
198943
187488
199836
193242
199265
199962
193170
198966
199551
199511
194705
199841
195496
194705
199990
167322
195660
199954
199851
196954
193308
195573
196033
195573
198875
199793
198910
199187
198790
197215
198687
198765
199918
199716
195253
199429
199096
196094
199534
183910
199959
199993
193667
195084
197115
199009
191675
198939
197987
199227
199678
199801
197985
197594
199127
192422
199820
196717
191675
199129
199065
199910
199790
199995
199120
187488
199416
198004
199555
195325
196683
199943
198797
199994
198798
199851
184486
199992
198660
199842
199259
197111
184787
199603
198163
199089
191661
199297
199914
199819
199982
197116
199970
197976
197227
198303
199928
197882
199944
198440
199418
199870
199493
197829
189084
194533
195432
199685
197764
198775
198982
196954
192963
199971
199902
196897
199973
198544
199644
195960
197731
199948
199356
199253
199577
199360
188689
199815
198077
196547
176308
198593
188689
197051
199872
191477
199296
194533
198147
195349
199063
197976
192345
196954
199988
198566
197568
195084
198606
195616
194167
198397
199731
193115
194705
198702
198685
199856
194948
199626
187488
199886
198979
198702
198540
199392
199284
194323
199426
196954
199591
197124
199435
199636
199800
199006
199942
199856
199868
199185
199023
185753
198120
199470
199435
199049
199935
199983
198142
198203
197594
197983
198762
184787
199252
198918
197219
198034
199262
199449
198514
196109
199249
198943
199936
199848
198481
175584
185753
199935
197551
193354
199130
199369
197685
198093
196029
196135
198790
199727
197945
199436
198104
198765
190676
199577
199725
199900
171083
199405
199832
199116
197987
196820
199480
199572
199777
199873
199961
199980
199356
199968
198296
195471
199160
195995
199438
199533
199726
194817
198646
183654
196954
199587
199823
198833
198727
197594
197784
199582
184787
197583
198728
199942
193170
198758
194817
198652
199933
184486
192211
195349
199854
196742
198266
198864
199689
199416
198093
199128
198961
199531
199734
183654
199703
193611
196835
199994
199964
199994
199546
188689
196534
198999
199407
197784
198108
198484
198981
194705
199820
199898
195430
184486
197784
199913
199809
199418
193096
199943
199635
194577
186055
199250
195084
197227
198702
199998
198148
199273
199758
199269
199436
199837
195349
199006
197426
199567
198600
199253
197598
198915
189574
198659
199956
199525
199995
196866
199958
198045
199562
199796
199419
193667
198544
196717
199716
198058
197982
199815
198790
199949
196094
199579
198397
188689
199998
199533
198915
193214
199964
198009
196283
199269
199992
197887
199720
195110
199836
199977
199989
198517
199915
199250
197583
198043
197987
199449
197836
197116
198077
199445
199385
199537
198762
199923
198084
195253
197005
199436
199822
196055
199613
199977
199113
199735
198702
198656
198169
184787
196820
185753
199124
198234
189084
198303
199081
199974
199841
197827
199695
198355
198391
194705
199834
198996
199448
194167
199499
195409
189060
197552
184447
199946
199407
199498
199377
199130
199794
199262
199907
199059
199739
193679
199360
194817
198788
198659
199889
197586
196591
195349
197685
198890
199650
199613
198065
199252
196614
199968
193308
197875
199823
199256
194817
194817
199565
195960
198844
199639
196886
197568
197215
199170
199848
199735
198916
199998
199992
198406
199510
198123
199521
199332
199948
196991
197781
198722
198374
199953
196135
198881
199988
197215
199255
198263
175584
199250
198700
198712
192255
199081
199963
197311
199843
199036
198922
199865
199978
199992
199732
197950
198524
199538
188689
197923
198918
199976
197774
199166
199455
193679
191477
199937
188739
199700
196641
195804
196692
198347
199082
199273
198407
199744
199931
199960
199959
191477
198790
190676
199435
195745
199322
193236
198862
199317
199415
183654
199981
198784
198985
199935
193354
199818
199833
197352
199173
197017
198567
199020
197583
192479
199824
199942
197839
197115
199579
199912
199660
199473
199850
199982
