SOURCE=name_charmap_P10_LMAX12.txt
STRATEGY=charmap
P=10
LMAX=12
PARTITIONS=100000
QUERIES=1000
88190
97984
95090
79687
86885
86118
99561
99905
69588
89943
97891
99573
97901
89339
97889
89943
99565
88694
95276
94065
95918
99341
96131
98559
97735
91695
90121
99393
98163
98085
99665
99831
99738
99701
88103
97114
98311
92975
89943
99768
99094
99990
93189
99850
95048
99591
95254
99467
95712
98280
97592
99370
96032
99783
98878
99999
95478
92833
97102
99978
85730
99471
95869
99294
99759
99537
77179
97784
97724
98744
97549
99984
94772
98732
99945
95308
99847
99508
98767
99916
93909
98824
99766
99581
98873
98052
99125
99922
98838
98311
78719
99934
98797
97663
74046
97290
97198
99115
97555
97258
97129
98577
99607
99862
94433
80327
99683
99931
70404
96984
93268
98582
99855
99057
99615
97114
81828
97444
98250
98316
98221
96984
83452
99941
99031
98396
91055
87140
99105
89339
99983
99115
92217
97427
97792
90960
90755
97687
99064
86118
99427
98690
97900
94581
99883
99698
73353
96794
97427
98872
99976
98055
91695
92626
97183
97333
98501
99363
97659
89339
99892
96654
97644
80327
99177
99153
95021
96844
97057
91699
97179
99885
99991
98676
99215
99907
95276
99968
97347
68680
94772
97959
97289
93152
99879
97592
98928
99151
96300
99685
97198
96756
92833
99986
95485
92251
99950
90489
94019
98676
59626
99151
98673
99676
98286
90588
96329
92770
97889
97198
94658
97698
94838
73353
89589
97214
99759
87533
97422
96556
99736
99958
87733
98806
98640
94587
99711
99154
86118
99213
98131
92770
99253
94214
96366
99942
95355
99910
77179
99413
93097
99325
97208
99728
94687
92770
98696
78719
97122
93371
99444
98794
97406
88492
99637
98779
99418
99805
99060
86885
99495
99317
95276
99726
99101
97129
97716
99595
96877
70404
97305
70404
99432
97422
98061
99957
94884
99613
99329
97891
88694
96366
99891
83452
97792
71668
96288
77179
98565
99184
96257
99987
91073
99828
98286
91752
93600
92770
92770
99815
99287
99325
92975
97698
99994
95638
96105
99804
97187
87945
99477
99979
96525
99563
96654
99790
99983
97580
86118
98709
97277
99779
86118
98909
97422
90469
99442
96992
98661
99088
98869
96456
98993
89339
85203
94716
99471
99535
96375
90941
97923
91305
74046
99627
99992
95554
98008
99720
99996
97417
98406
96890
97592
97784
94239
95355
94918
94538
99418
98984
97390
98883
89943
98901
95555
98794
99259
99956
98731
98670
97580
92833
96797
99207
99838
96984
92757
91305
78719
92373
86127
96806
87140
83039
93125
97222
99373
98933
99854
94207
95271
96562
99990
90093
98559
99418
77179
95820
98838
99103
94949
98308
89339
83937
78719
94862
98953
99987
99427
99788
95160
91249
98286
99401
99685
70404
98548
99200
97562
98948
99455
79687
99064
98961
97784
96210
98141
99662
96302
99255
99723
92770
98342
86127
99196
99534
99274
94690
98021
81923
99111
83515
96259
99918
83422
96947
99509
99184
90880
99826
90992
90880
99931
53903
88533
99908
99004
96756
92770
90033
90126
90033
98121
99127
96138
97241
97520
94019
98341
98901
99424
99641
94772
97592
98625
95276
97815
74068
99895
99988
88190
93152
95485
95629
86118
98440
95985
98994
99136
98952
90790
97580
98792
81167
99266
96257
86118
99067
96892
99542
99696
99954
97930
81923
99254
92421
97629
85975
90834
99737
96806
99996
97722
99582
73353
99967
97186
99770
97475
88519
77179
97744
93617
98033
86577
98885
98949
99138
99870
95918
99790
97959
96205
97134
99562
95928
99937
98679
99170
99781
97723
94767
83452
86476
84965
97993
97784
97179
95884
96756
82433
99972
99870
90588
99815
95516
98429
91937
94949
99888
98767
99085
98512
99446
86885
99695
97347
94214
62086
98559
86885
92056
99393
89339
98894
86476
96396
93934
98021
97959
80627
96756
99955
97902
97592
93152
93267
92903
87344
98340
99250
92251
90880
98154
98676
98687
87403
99588
81923
99157
96295
98154
94073
99387
97433
87154
99401
96756
98022
90093
99111
99648
99794
95500
99758
99601
99553
98144
96603
75663
95355
97701
99111
97478
99671
99869
97769
97122
97580
94376
97027
77179
97865
96263
97179
98055
97410
97763
98400
90140
99157
98021
99836
99595
93603
67263
75663
99813
95044
88694
96753
99174
93371
96910
93409
94207
97520
99090
93793
97905
95472
98901
83937
99432
99705
99900
59626
98670
99405
98331
95985
96366
99460
97108
98524
99828
99877
99888
98767
99983
95836
94347
97819
90611
98562
98278
97872
94229
95757
70404
96756
99325
99336
98093
98023
97580
97801
99418
77179
94862
95398
99716
83422
95614
94229
95508
99488
73353
84425
93934
99937
93724
93700
98047
98820
99254
92682
97907
97255
98373
99530
70404
99264
83140
86647
99932
99960
99964
99364
86885
93082
97611
99041
97801
94394
96844
98061
90880
99360
99845
87945
73353
97801
99616
99753
97674
87794
99841
99408
86176
78719
99187
93152
96205
98154
99989
96747
99274
98478
99225
99443
99673
93934
95500
93874
99226
97000
98580
97350
98872
83684
98379
99908
97353
99997
91695
99922
96332
99554
98752
98890
88190
95516
96257
99248
94539
94496
99813
97520
99945
95276
99564
98340
86885
99988
97183
98286
82801
99769
96478
88645
99101
99976
97390
99526
87252
99364
99973
99850
96160
99693
99187
94862
96528
95985
97763
93824
95918
97347
98029
96039
98690
95539
99872
92259
94772
94741
99443
99532
90772
99446
99910
98117
99312
98154
98159
96519
77179
96366
75663
98878
94586
83452
97134
98817
99897
99430
93226
99010
93468
94181
90880
99071
98883
99348
87344
98069
86069
82546
97724
80073
99526
99041
97767
98764
97333
99600
97410
99441
97214
98197
82945
99446
94229
98406
98379
99058
90888
91305
93934
94475
97597
98222
99410
97889
97865
90489
99783
92770
95787
98886
98847
94229
94229
99511
91937
98838
98150
89259
97592
94019
99097
98670
99312
97226
99979
99979
94009
97409
97295
98903
97959
99583
96816
97198
96585
96826
99570
94207
95330
99969
94019
99189
93671
67263
99187
95569
97500
76627
98817
99955
95712
98608
94449
98842
99705
99953
99919
99268
96302
98406
98769
86885
92009
96263
99965
96133
97228
99348
82945
89339
99820
79687
98932
89589
88085
92886
95882
97555
99274
98163
99745
99880
99956
99768
89339
97520
83937
99099
92799
98700
82297
97727
97017
98346
70404
99977
94558
96540
99663
88694
99212
99672
95308
98024
90326
92794
96147
94862
91637
99540
99233
94687
95485
98246
99511
98367
99097
99466
99858
