SOURCE=name_charmap_P50.txt
P=50
LMAX=10
PARTITIONS=20000
QUERIES=1000
3614
13159
7506
2128
3950
4994
13407
16344
1841
3617
12378
17217
8471
7401
13467
3617
15435
3789
3583
5759
10843
13694
14461
8223
11394
2767
1701
17588
15853
9725
19293
17279
12413
18546
6367
9782
9431
7544
3617
18302
10545
19773
4209
19877
2339
19555
6544
19035
7804
9021
17344
14217
5478
12412
9629
19993
6622
13636
9520
19956
2584
12827
8943
14364
13224
13460
1030
17870
12952
13899
9440
19220
9676
10775
17901
4677
19427
16510
11525
18557
6669
6860
19628
16878
15047
18238
13943
17038
18029
11858
2223
17346
6542
10226
698
8408
11760
14089
9594
14566
8409
11781
18666
19770
9000
1858
12211
19929
226
16976
4361
16740
17789
13517
16755
9782
1874
11688
9464
9184
13980
16976
4122
18346
12310
7456
4838
5406
18115
7369
19742
11066
3448
13474
8599
1868
6398
11343
17219
4994
18192
12304
5253
4815
18718
13216
689
8761
13474
16587
18971
18033
2767
5121
6079
10931
13259
9810
5890
7369
18634
10114
17190
1858
18250
9392
5232
8019
5499
2367
12109
18209
19767
16170
10403
18969
3583
19447
8549
133
9676
15264
14743
10447
16737
17344
11323
12982
6923
16815
11760
12742
13636
19879
9527
7532
18590
2666
3015
16170
168
10037
11030
16621
8384
2477
12327
9925
13467
11760
5675
9908
2071
689
1341
9736
18923
2348
13034
10729
14785
18163
3195
9657
15934
6418
16636
17497
4994
13379
13439
9925
12134
7505
12860
18950
5676
19549
1030
14451
4343
14989
15260
13743
5926
9925
15557
2223
9833
5425
11442
9839
9451
1494
15790
9063
16387
15767
12206
3950
18656
13160
8467
17270
16160
8409
8182
19178
9159
226
10135
226
18863
13034
11080
19864
3635
18798
11369
12378
3789
12860
15967
4122
7592
224
6041
1030
13827
10919
15510
19948
4242
18485
10484
5619
3446
9925
9925
16028
14897
14989
7544
9908
19452
3834
11696
17225
8631
2431
18937
19079
7487
16735
10114
16989
18484
17040
4994
7395
8905
16791
4994
6669
13034
2659
17985
9876
15293
11348
13345
7375
11322
7369
3021
6913
13634
14303
10322
7418
15631
3749
698
13372
19796
7233
5986
13634
19953
11340
15933
8793
17344
17870
3181
5676
3245
8836
16387
13394
12075
13918
3617
15620
6586
9839
10572
19553
12712
10124
17040
13636
9444
14285
16458
16976
3687
3749
2223
2095
1940
6780
5406
1145
2773
11237
13078
17561
19717
7816
5481
4142
19940
2181
16749
17509
1030
9069
12117
14452
7450
9634
7369
1646
2223
4658
13171
19806
18654
16211
4754
3080
10484
18683
14869
226
11606
15443
6983
12201
13408
2128
17219
15929
17870
7820
8540
10198
6512
12436
18507
9925
10023
1940
12833
11368
18960
8412
15484
4046
12732
518
2820
16884
2628
9357
17077
14648
3673
19258
4029
3673
18635
128
2272
19895
7351
12742
9925
2469
2009
2469
9857
8628
4813
8663
9915
3015
14833
18813
10491
16369
9676
9570
16383
8467
8280
1871
18870
19919
3614
10447
9527
6185
4994
13920
6517
13940
16962
10398
1765
17040
10989
817
8960
15510
4994
17430
4720
14825
18185
18783
15266
4046
14520
3276
5041
1876
2446
15202
6780
19972
9801
14228
689
19239
15006
18055
4969
1243
1030
6562
5449
8062
3066
11219
10009
13259
13474
10843
12556
17421
10129
10888
12231
4485
19508
13153
16855
18622
10767
4524
4122
1638
1047
7159
17870
9148
5611
12742
1670
19900
19440
2477
13320
4613
7343
3459
7450
17072
13009
16992
9898
18164
3950
18068
8549
7505
143
16749
3950
4329
12524
7369
15962
1638
8793
8048
12326
17421
1146
12742
18720
16672
17344
10447
5923
8363
2000
16134
11845
7532
3673
12782
16170
6856
4709
18923
4046
12131
9221
12782
3112
19361
8972
4444
18683
12742
8130
2181
11377
19576
19563
2226
17521
14551
15832
6735
6566
1121
5676
10224
11377
12057
13455
15013
10523
9833
17040
6151
8874
1030
10850
5163
12109
18033
6232
6312
17049
2010
16515
15484
15386
15305
2439
997
1121
18258
9093
3789
5683
14289
5425
8116
8995
7816
9915
14110
3561
11200
7225
18813
1646
18863
19390
19848
168
10124
11879
6863
6517
12860
19323
3840
10175
18485
16813
13924
13009
19735
7408
11346
9220
5101
7570
8001
4855
9946
5391
226
12742
14989
10212
12559
11130
17040
17943
16387
1030
4658
6647
13589
2628
4869
9946
4342
10973
689
2276
8048
19899
5210
5395
11451
12680
14520
4789
9852
8013
11659
14436
226
16937
1161
655
14497
19195
18899
19600
3950
10403
13874
13462
17943
6681
8019
11080
3673
17248
17659
2431
689
17943
13350
19490
6521
3966
18540
17946
2236
2223
17823
10447
10129
12782
19598
9891
18960
7095
16188
19192
13153
8048
2226
5622
15973
5138
15416
12742
16587
5381
13488
19333
4495
19748
2767
18244
9873
19131
10243
14159
3614
4613
15510
15113
6502
4540
19557
9915
19421
8467
19543
16134
3950
19856
6079
10484
2152
16023
15161
2406
16160
18735
12075
16602
1613
15922
19797
16274
7573
13742
17823
4658
7453
6517
6312
4545
10843
8549
5991
4604
15741
6885
16234
1185
9676
6553
19192
18096
5129
16481
16753
10563
12621
12782
15268
10289
1030
12860
1121
15080
5307
4122
10888
17200
16660
16309
3633
16696
3841
3110
3673
10613
13918
15727
2000
9718
749
2323
12952
2695
11966
13462
7333
9172
10931
17653
6232
10201
9736
4542
1550
18164
9946
11106
13488
10418
1134
3749
8048
5533
9098
6019
14325
13467
10850
2666
12720
9925
11025
10615
13920
9946
9946
19009
3459
18029
5403
2340
17344
3015
18007
6763
12621
6442
17338
19608
5162
7585
10918
10843
13367
12900
12991
11760
6571
7808
10185
7816
5098
19430
3015
16221
2824
997
17823
6553
11697
271
17200
19287
7804
5938
2645
17143
16062
19333
18015
15695
6512
15933
7396
3950
2461
5163
19449
10045
5685
17552
1550
7369
17045
2128
13254
1341
2608
7402
4739
9594
18960
15853
19541
19230
19504
13016
7369
9915
1646
10085
9089
6837
1157
8724
6676
4854
226
19675
1999
6259
16267
3789
12480
17120
9848
8577
2162
3168
6211
4658
10812
18334
7069
5926
9527
9323
14358
10201
18674
10898
17129
