SOURCE=name_charmap_P500.txt
P=500
LMAX=10
PARTITIONS=2000
QUERIES=1000
0
0
0
0
0
0
5
8
0
0
3
184
0
0
8
0
68
0
0
0
0
68
10
0
1
0
0
491
122
0
1210
26
5
749
0
0
0
0
0
170
0
1648
0
1611
0
1280
0
897
0
0
425
6
0
0
0
1939
0
53
0
1750
0
0
5
5
0
3
0
432
6
7
0
215
0
0
20
0
448
195
1
370
0
0
1096
417
44
697
4
27
139
0
0
70
0
0
0
0
3
2
0
10
1
0
224
1085
3
0
0
1560
0
255
0
134
137
16
184
0
0
7
0
0
0
255
0
137
4
0
0
0
231
2
572
5
0
1
1
0
0
5
72
0
301
6
0
0
754
6
0
0
1
18
259
706
0
0
0
12
6
0
0
2
251
0
263
0
820
0
0
0
0
0
0
317
1001
65
0
820
0
1310
0
0
0
131
5
7
18
425
1
5
0
74
3
6
53
695
1
0
203
0
0
65
0
0
3
26
0
0
68
0
8
3
0
0
0
0
0
0
1103
0
5
5
1
149
0
0
5
0
184
370
0
1
32
0
0
0
0
197
0
1061
0
30
0
6
124
1
0
0
148
0
0
0
0
0
0
0
85
0
26
65
1
0
1031
17
0
228
47
1
0
289
0
0
3
0
1047
5
0
1251
0
757
1
3
0
0
3
0
0
0
0
0
5
0
71
1296
0
36
1
0
0
0
0
65
9
6
0
0
434
0
3
247
0
0
293
154
0
8
0
8
195
273
0
0
0
115
0
0
5
0
80
1
122
0
27
0
1
2
0
0
2
12
3
0
37
0
0
3
818
0
0
3
1813
3
47
0
425
432
0
0
0
0
26
5
3
5
0
32
0
0
1
466
68
0
273
53
3
11
122
255
0
0
0
0
0
0
0
0
0
7
1
361
822
0
0
0
1345
0
53
228
0
5
0
10
0
0
2
0
0
0
3
303
68
8
0
0
1
98
17
0
0
68
0
3
4
0
72
27
432
0
0
0
0
1
252
0
0
0
0
0
321
0
148
0
2
0
0
4
0
0
18
17
0
592
0
0
808
0
0
1878
0
6
0
0
0
0
0
0
0
0
0
0
30
697
0
15
0
0
30
0
0
0
318
1410
0
7
1
0
0
27
0
3
417
1
0
273
0
0
0
71
0
134
0
44
418
837
131
0
8
0
0
0
0
44
0
1749
0
7
0
360
124
228
0
0
0
0
0
0
0
1
5
5
0
0
1
337
0
3
1
0
1078
15
31
297
3
0
0
0
0
0
432
0
0
6
0
691
160
0
1
0
0
0
0
8
3
51
0
228
0
461
0
0
0
53
0
0
1
2
200
0
0
0
17
337
0
6
351
417
425
7
0
0
0
7
0
0
0
1
65
0
0
419
0
17
5
1
0
887
0
0
98
6
0
0
1
1605
466
0
417
17
19
0
0
0
0
0
1
10
1
6
0
0
273
0
0
0
3
0
0
706
0
0
200
0
259
148
1
0
0
0
0
752
0
0
0
2
0
0
3
0
0
5
0
10
1
697
0
1047
492
968
0
0
1
0
0
0
1361
0
1
36
65
0
3
636
0
6
0
0
0
0
0
0
0
0
6
6
0
3
0
273
170
26
0
0
0
0
0
0
0
0
0
0
0
0
1580
0
0
2
6
8
0
1
0
4
8
0
247
0
0
0
286
277
1990
0
7
53
0
170
0
0
0
0
417
26
0
0
170
2
1486
0
0
236
183
0
0
271
7
0
1
840
0
321
0
2
511
0
0
0
0
18
0
195
1
18
0
5
1031
0
353
0
58
0
1073
0
4
0
0
71
5
0
0
916
0
459
0
1004
7
0
583
0
1
0
53
131
0
47
359
3
123
0
21
1220
124
0
3
271
0
0
0
0
0
0
0
0
0
184
0
11
0
0
0
511
361
0
228
52
1
6
1
53
10
0
0
0
65
0
0
3
155
168
200
0
417
0
0
0
1
5
8
0
0
0
0
6
0
7
0
0
0
12
491
0
0
0
0
0
228
0
0
5
2
0
0
0
0
0
0
1
8
3
0
0
0
5
0
6
0
0
252
0
139
0
0
425
0
155
0
6
0
20
683
0
0
5
0
32
3
4
3
0
0
0
0
0
1027
0
65
0
0
271
0
6
0
155
744
0
0
0
72
115
902
184
47
0
47
0
0
0
0
283
1
0
199
0
2
86
0
5
0
0
2
0
0
321
122
845
784
1027
6
2
0
0
0
3
0
0
0
0
0
0
388
0
0
85
0
4
74
5
0
0
0
0
0
10
236
0
0
1
1
44
2
1027
0
417
