SOURCE=name_charmap_P1000_LMAX12.txt
STRATEGY=charmap
P=1000
LMAX=12
PARTITIONS=1000
QUERIES=1000
0
0
0
0
0
0
0
0
0
0
0
12
0
0
0
0
4
0
0
0
0
4
0
0
0
0
0
66
5
0
382
0
0
156
0
0
0
0
0
6
0
683
0
648
0
397
0
202
0
0
52
0
0
0
0
935
0
0
0
756
0
0
0
0
0
0
0
28
0
0
0
7
0
0
0
0
33
17
0
40
0
0
259
62
0
154
0
0
5
0
0
4
0
0
0
0
0
0
0
0
0
0
11
228
0
0
0
583
0
15
0
5
4
0
12
0
0
0
0
0
0
15
0
5
0
0
0
0
17
0
56
0
0
0
0
0
0
0
2
0
49
0
0
0
136
0
0
0
0
0
13
119
0
0
0
0
0
0
0
0
16
0
26
0
186
0
0
0
0
0
0
35
177
1
0
186
0
428
0
0
0
4
0
0
0
52
0
0
0
4
0
0
0
137
0
0
21
0
0
1
0
0
0
0
0
0
4
0
0
0
0
0
0
0
0
0
325
0
0
0
0
4
0
0
0
0
12
40
0
0
0
0
0
0
0
12
0
291
0
1
0
0
6
0
0
0
4
0
0
0
0
0
0
0
2
0
0
1
0
0
291
0
0
17
0
0
0
19
0
0
0
0
283
0
0
920
0
136
0
0
0
0
0
0
0
0
0
0
0
0
2
931
0
0
0
0
0
0
0
1
0
0
0
0
44
0
0
15
0
0
13
7
0
0
0
0
17
19
0
0
0
2
0
0
0
0
0
0
5
0
0
0
0
0
0
0
0
0
0
0
0
0
0
0
131
0
0
0
977
0
0
0
52
28
0
0
0
0
0
0
0
0
0
0
0
0
0
54
4
0
19
0
0
0
5
15
0
0
0
0
0
0
0
0
0
0
0
34
124
0
0
0
919
0
0
17
0
0
0
0
0
0
0
0
0
0
0
12
0
0
0
0
0
0
0
0
0
4
0
0
0
0
2
0
28
0
0
0
0
0
15
0
0
0
0
0
24
0
4
0
0
0
0
0
0
0
0
0
0
93
0
0
153
0
0
879
0
0
0
0
0
0
0
0
0
0
0
0
1
137
0
0
0
0
0
0
0
0
18
386
0
0
0
0
0
0
0
0
62
0
0
19
0
0
0
2
0
5
0
0
62
179
4
0
0
0
0
0
0
0
0
684
0
0
0
20
6
17
0
0
0
0
0
0
0
0
0
0
0
0
0
34
0
0
0
0
295
0
0
22
0
0
0
0
0
0
28
0
0
0
0
37
2
0
0
0
0
0
0
0
0
0
0
17
0
64
0
0
0
0
0
0
0
0
11
0
0
0
0
34
0
0
34
62
52
0
0
0
0
0
0
0
0
0
1
0
0
43
0
0
0
0
0
131
0
0
0
0
0
0
0
643
54
0
62
0
0
0
0
0
0
0
0
0
0
0
0
0
19
0
0
0
0
0
0
119
0
0
11
0
26
4
0
0
0
0
0
142
0
0
0
0
0
0
0
0
0
0
0
0
0
137
0
283
64
174
0
0
0
0
0
0
472
0
0
0
1
0
0
87
0
0
0
0
0
0
0
0
0
0
0
0
0
0
0
19
3
0
0
0
0
0
0
0
0
0
0
0
0
0
528
0
0
0
0
0
0
0
0
0
0
0
16
0
0
0
22
19
993
0
0
0
0
3
0
0
0
0
62
0
0
0
3
0
966
0
0
10
10
0
0
22
0
0
0
179
0
24
0
0
48
0
0
0
0
0
0
17
0
0
0
0
291
0
22
0
0
0
299
0
0
0
0
2
0
0
0
227
0
62
0
186
0
0
68
0
0
0
2
4
0
0
34
0
4
0
0
386
6
0
0
22
0
0
0
0
0
0
0
0
0
12
0
0
0
0
0
48
34
0
17
0
0
0
0
0
0
0
0
0
1
0
0
0
4
14
11
0
62
0
0
0
0
0
0
0
0
0
0
0
0
0
0
0
0
0
66
0
0
0
0
0
17
0
0
0
0
0
0
0
0
0
0
0
0
0
0
0
0
0
0
0
0
0
12
0
5
0
0
52
0
4
0
0
0
0
137
0
0
0
0
0
0
0
0
0
0
0
0
0
261
0
1
0
0
22
0
0
0
4
133
0
0
0
2
2
227
12
0
0
0
0
0
0
0
23
0
0
17
0
0
2
0
0
0
0
0
0
0
24
5
153
145
261
0
0
0
0
0
0
0
0
0
0
0
0
50
0
0
2
0
0
4
0
0
0
0
0
0
0
10
0
0
0
0
0
0
261
0
62
