SOURCE=name_charmap_P100_LMAX12.txt
STRATEGY=charmap
P=100
LMAX=12
PARTITIONS=10000
QUERIES=1000
203
2684
1251
122
225
629
3161
4756
70
248
2588
6655
1031
1398
3205
248
4767
210
139
503
2021
4017
4453
1035
2295
122
52
7575
5736
1264
9111
5543
2478
8233
756
1342
1414
889
248
7182
1417
9663
249
9840
63
9466
746
8680
893
1097
7315
3606
598
1831
1058
9989
589
4712
1561
9908
196
1937
2063
3848
2177
2959
19
7928
2695
3614
1415
8117
1294
1791
6015
251
8778
6020
2300
7412
986
448
9500
6900
4561
8332
3422
5247
7022
2371
72
5607
654
1375
8
1518
2476
2954
1550
4456
1088
2354
7648
9591
2037
64
1785
9818
1
7077
276
5939
6875
3744
6390
1342
65
3014
1908
1222
2694
7077
431
6765
2741
948
589
745
7188
1366
9271
2134
143
2779
1134
53
724
2462
6462
629
7171
3034
335
286
8319
2748
12
1484
2779
5246
7617
8069
122
344
635
2874
3168
1620
475
1366
7496
1426
7044
64
8270
852
374
907
356
108
2510
7337
9462
5267
1281
8514
139
9213
1057
0
1294
5752
4044
2718
4835
7315
1908
2805
780
5682
2476
3230
4712
9494
2052
839
7284
116
72
5267
1
1475
2227
5304
1180
111
3874
1704
3205
2476
650
1949
46
12
27
1500
8861
64
3108
2228
3467
6832
186
1258
4039
568
6293
7116
629
2714
4347
1704
1916
1021
2659
7847
475
9220
19
4245
268
3990
5680
2795
488
1704
5850
72
1484
640
1678
1089
994
27
5381
1099
5284
4936
2516
225
8665
3710
1146
6569
5327
1088
871
8463
1303
1
2149
1
8850
3108
1874
9890
203
8387
1617
2588
210
2659
4339
431
867
1
549
19
3581
1654
5781
9912
313
7008
1778
595
126
1704
1704
5079
3968
3990
889
1949
8637
150
2577
6684
1186
145
8046
7894
1012
4900
1426
4952
6924
6971
629
707
1209
5852
629
463
3108
196
7062
2114
5657
2104
4016
953
1852
1366
273
1062
2867
3856
2535
1398
5247
234
8
2848
9467
1076
286
3246
9955
2224
5156
1098
7315
7928
142
475
109
1278
5284
3491
2671
2962
248
4906
884
1089
1749
9145
3899
1552
6971
4712
2046
3459
5820
7077
163
234
72
57
52
683
745
25
94
2787
2470
7410
9472
1114
332
173
9898
59
5586
6786
19
2070
1853
3477
1012
1889
1366
45
72
255
2740
9205
7284
4157
282
164
1778
7582
4299
1
1769
4874
674
2804
3035
122
6462
5023
7928
1029
1103
1291
543
2216
7414
1704
1070
52
2623
1552
8393
1169
5850
430
2780
0
57
4656
196
1638
5399
4051
163
8470
244
163
8339
0
60
9877
578
3230
1704
71
51
71
1452
652
279
1229
1701
72
4622
8694
1360
4707
1294
1478
5612
1146
1172
95
8234
9792
203
2718
2052
770
629
4143
472
3343
6943
1740
44
6971
1345
8
806
5781
629
6294
245
4339
7517
8433
5752
430
3664
217
268
64
118
4508
683
9935
1342
3367
12
8524
5665
6994
285
33
19
474
634
834
141
1812
2111
2834
2440
2021
1834
7095
1659
2189
2370
182
9240
3689
5749
7823
2554
322
431
30
19
930
7928
1411
525
3230
52
9731
8641
111
2078
280
763
151
1012
4892
3022
5873
1571
7011
225
7461
1057
1021
0
5586
225
251
2220
1366
6123
30
1308
1070
3129
7095
15
3230
7867
6890
7315
2718
868
1151
52
4691
1764
839
163
3125
5267
541
589
8380
430
3091
1885
3125
132
9273
1218
477
7582
3230
952
59
2235
9566
9192
44
7051
3978
4578
623
508
33
475
1761
2235
2934
2938
3698
1373
1484
6971
526
1497
19
2551
299
2510
8069
417
627
6513
51
6551
5850
3791
3645
56
26
33
8136
1426
210
352
3038
640
999
1971
1114
1701
3643
170
2665
959
8694
45
8850
8716
9634
1
1552
1790
468
472
2659
9285
219
2107
7008
5457
2472
3022
9336
954
3026
1503
600
733
850
200
1655
316
1
3230
3990
1068
2823
1709
6971
7720
5284
19
255
916
2460
196
328
1655
190
1782
12
71
1070
9827
429
607
2368
3341
3664
484
2052
1033
2467
3661
1
6604
26
5
2553
8045
7919
9900
225
2717
4714
2675
7720
763
907
1874
163
7011
5762
145
12
7720
2827
9836
455
257
7859
7129
122
72
6879
2718
1659
3125
9047
1701
8393
440
4200
8758
2128
1070
44
475
4749
207
5737
2459
5246
745
3446
8888
216
9058
122
6855
1552
8873
2043
3475
203
280
5781
4097
716
306
9140
1701
8672
1146
9428
4691
225
9321
635
1778
141
5269
5747
145
5327
7599
2671
5937
36
4993
9468
5854
840
2787
6879
255
863
472
627
275
2021
1057
391
249
6145
927
4319
12
1294
510
8758
7561
506
6252
5406
1785
2716
3125
5128
2612
19
2659
33
4842
458
431
2189
6713
5918
6183
227
6890
220
119
163
1888
2962
4105
52
1469
5
81
2695
96
2831
2675
526
1036
2874
7576
417
1336
1500
149
52
7011
1655
1486
3446
1665
13
234
1070
377
1071
358
3323
3205
2551
116
2050
1704
2332
1470
3450
1655
1655
8493
151
7022
295
108
7315
72
7166
473
2716
419
5284
9158
501
976
2170
1726
4342
2907
2771
2476
602
835
1181
1114
335
9008
72
5053
81
26
6879
682
3037
1
6713
8831
893
327
118
6451
5637
8765
6967
5085
543
5156
731
225
77
299
8556
2119
468
6581
52
1366
5939
122
2834
27
116
1366
238
1550
8393
5736
9193
8768
9012
2656
1366
1701
45
1269
1980
360
33
870
737
173
1
8879
38
657
5639
210
2668
5883
2218
1057
71
207
777
255
2704
7829
576
488
2052
1584
4149
1659
8712
1435
6922
