SOURCE=sorted_name_charmap_P5.txt
P=5
LMAX=10
PARTITIONS=200000
QUERIES=1000
199410
199628
199710
199408
197823
199158
199997
199997
195269
198617
199784
199959
199945
199771
199545
198617
199982
199145
199771
199840
199551
199938
199302
199996
199648
199675
199979
199944
199683
199946
199936
199978
199991
199948
198994
199829
199980
198896
198617
199963
199740
199991
199944
199971
199885
199913
199973
199871
199577
199948
199403
199953
199972
199997
199962
199998
199989
198439
199832
199965
199732
199897
199984
199970
199958
199999
197904
199419
198946
199905
199848
199997
198915
199989
199994
199966
199946
199975
199947
199942
199984
199739
199968
199995
199888
198728
199883
199925
199484
199850
198931
199992
199997
199682
199142
199998
199587
199835
199748
199305
199794
199899
199906
199973
199556
199490
199982
199961
198522
199253
199930
199714
199983
199831
199975
199829
199974
199998
199913
199869
199658
199253
199399
199970
199991
199993
199910
199735
199807
198401
199994
199999
199255
199482
199998
199959
199726
199963
199454
199158
199869
199895
199985
199905
199980
199957
199082
199900
199482
199782
199992
199181
199675
199397
199981
199817
199779
199997
199933
198401
199982
199794
199363
199490
199997
199821
199936
199712
199934
199866
198718
199985
199987
199445
199968
199983
199771
199847
199608
199972
198915
199981
199470
199211
199970
199403
199976
199961
199983
199990
199587
199320
198439
199996
199508
198653
199995
199503
199602
199445
197143
199950
199993
199984
199937
199798
199993
198671
199545
199587
199975
199683
199765
199082
199754
199961
199981
199861
199562
199973
199976
199997
199259
199995
199401
199964
199988
199909
199158
199903
199857
198671
199533
199547
199464
199981
199785
199880
197904
199997
199924
199919
199706
199975
199807
198671
199986
198931
199667
199349
199963
199784
199598
199994
199992
199998
199786
199777
199999
197823
199977
199988
199129
199979
199859
199794
199982
198047
199988
198522
199955
198522
199887
199562
199642
199155
199959
199894
199994
199784
199145
199464
199988
199399
199930
199581
199871
197904
199601
199908
199385
199998
199121
199959
199804
199917
199908
198671
198671
199990
199912
199919
198896
199683
199999
199371
199642
199973
199548
199593
199797
199997
199830
199927
199794
199968
199986
198043
199158
199990
199905
199974
199158
199995
199562
199915
199928
199990
199885
199938
199994
199695
199870
198401
199542
199793
199983
199989
199848
199973
199623
199663
199142
199987
199973
199721
199897
199999
199771
199607
199709
199844
199403
199419
199989
199785
199946
199946
199786
199787
199574
199806
198617
199354
198518
199784
199985
199998
199991
199894
198043
198439
199933
199834
199985
199253
199742
199663
198931
199930
199738
199878
199735
199946
199990
199231
199871
199876
199965
199340
199944
199997
199746
199949
199702
199968
197904
199848
199683
199852
199826
199981
198401
198867
198931
199702
199986
199995
199853
199961
199848
199938
199804
199875
199993
198522
199638
199871
199935
199984
199917
199408
199454
199744
199419
199636
199649
199995
199652
199997
199913
198671
199812
199738
199808
199988
199574
199766
199845
199161
199936
199216
199955
199965
199883
199975
199804
199919
199144
199973
199424
199144
199998
199193
199992
199996
199980
199320
198671
199512
199625
199512
199791
199963
199872
199959
199756
199602
199742
198863
199998
199913
198915
199999
199881
199129
199994
198927
199987
199664
199410
199211
199508
199992
199158
199785
199720
199850
199971
199967
199984
198043
199824
199975
199978
199385
199158
199827
199889
199997
199957
199999
199944
199161
199707
199950
199975
199774
199847
199992
199878
199987
199601
199971
199082
199997
199982
199849
199865
199762
197904
199997
199955
199739
199295
199797
199995
199998
199986
199551
199997
199588
199257
199724
199718
199787
199969
198919
199881
199983
199987
199760
199399
199854
199915
199975
199419
199877
199946
199320
199924
199790
199841
199798
199990
199842
199964
199581
199826
199991
199882
199847
199896
199504
197823
199727
199608
199547
198847
199702
197823
199993
199992
198401
199872
199854
199723
199181
199920
199588
199948
199320
199999
199825
199403
199211
199989
199475
199564
199555
199949
198653
199144
199725
199445
199992
199980
199928
199161
199997
199992
199725
199984
199869
199994
199866
199875
199320
199984
199949
199927
199926
199933
199947
199991
199944
199993
199836
199961
199468
199785
199975
199927
199969
199994
199999
199153
199667
198043
199964
199837
197904
199923
199900
198718
199181
199915
199933
199704
199664
199874
199845
199990
199983
199972
198010
199468
199985
199907
199145
199651
199863
199349
199689
199545
199340
199756
199992
199917
199999
199769
198863
198867
199887
199938
199973
197143
199894
199910
199836
199720
199464
199894
199961
199998
199959
199994
199991
199882
198520
199866
199207
199905
199794
199905
199933
199973
198987
199948
198522
199320
199919
199967
199800
199733
198043
199569
199786
197904
199702
199984
199990
199883
199914
198987
199890
199996
199082
199734
199181
199837
199557
199998
198529
199857
199707
199977
199874
199886
199996
199953
198522
199975
199967
199984
199999
199995
199996
199579
197823
199796
199080
199893
199569
199969
199712
199642
199144
199981
199961
199593
199082
199569
199996
199913
199955
199474
199995
199759
199670
198931
199837
199211
199257
199725
199999
199752
199574
199986
199553
199734
199901
199181
199947
199959
199930
199905
199894
199535
199782
199446
199702
199992
199979
199988
199675
199994
199432
199829
199992
199911
199410
199842
199385
199973
199998
199816
199962
199756
199948
199129
199915
199555
197823
199998
199981
199804
199981
199981
199969
199978
199859
199996
199574
199948
199237
199995
199987
199995
199955
199976
199837
199702
199729
199720
199933
199868
199551
199608
199939
199978
199965
199905
199983
199765
198915
199621
199734
199994
199960
199931
199999
199992
199975
199725
198886
199702
197904
199464
199468
199699
199952
199399
199724
199741
199996
199991
199739
199942
199880
199879
199144
199965
199806
199748
199564
199969
199706
199204
198946
198184
199994
199893
199983
199891
199817
199963
199915
199961
199961
199997
199836
199504
198987
199751
199702
199986
199832
199663
199181
199796
199865
199656
199924
199545
199923
199503
199993
198671
199854
199996
199852
198987
198987
199830
199581
199484
199956
199983
199403
199602
199741
199948
199975
199867
199999
199926
199981
199986
199673
199939
199930
199999
199385
199587
199895
199744
199994
199340
199982
199997
199602
199787
199879
198010
199837
199980
199736
199964
199741
199945
199577
199999
199982
199780
199960
199996
199970
199974
199652
199709
199034
197823
199868
199900
199898
199686
199883
199885
199836
198401
199940
199408
199993
199754
199973
198636
199606
199748
199574
199683
199948
199982
199989
199994
198401
199756
198867
199893
199782
199879
199831
199864
199956
199666
198522
199949
199874
199845
199990
199145
199977
199979
199633
199984
199759
199983
199885
199702
198677
199996
199998
199807
199508
199629
199995
199992
199997
199941
199978
