SOURCE=sorted_name_charmap_P200.txt
P=200
LMAX=10
PARTITIONS=5000
QUERIES=1000
4983
4989
4990
4983
4943
4978
4998
4999
4881
4963
4994
4997
4995
4993
4986
4963
4996
4976
4991
4995
4988
4996
4979
4999
4989
4989
4997
4997
4989
4996
4996
4998
4998
4997
4973
4993
4999
4969
4963
4996
4991
4999
4995
4999
4994
4997
4997
4997
4985
4998
4983
4997
4998
4998
4997
4999
4999
4962
4991
4999
4989
4998
4995
4998
4997
4998
4945
4986
4972
4993
4993
4999
4971
4995
4999
4995
4999
4998
4998
4997
4997
4990
4995
4999
4997
4966
4997
4998
4985
4994
4973
4997
4998
4990
4975
4999
4986
4994
4992
4979
4992
4995
4997
4998
4987
4987
4997
4999
4959
4980
4996
4989
4998
4994
4997
4993
4996
4999
4996
4993
4990
4980
4983
4998
4999
4998
4996
4992
4994
4959
4999
4999
4978
4986
4999
4996
4989
4996
4987
4978
4994
4994
4996
4997
4999
4997
4975
4995
4986
4993
4999
4979
4989
4980
4998
4995
4994
4998
4994
4959
4999
4992
4981
4987
4998
4996
4995
4990
4996
4994
4966
4998
4999
4986
4997
4998
4991
4996
4987
4998
4971
4997
4984
4977
4997
4983
4999
4996
4999
4998
4986
4980
4962
4999
4984
4961
4997
4986
4989
4986
4926
4997
4999
4999
4996
4994
4997
4963
4986
4986
4997
4992
4991
4975
4990
4997
4997
4994
4987
4997
4997
4998
4978
4998
4986
4997
4999
4997
4978
4994
4993
4963
4986
4988
4982
4997
4993
4996
4945
4999
4996
4995
4991
4998
4991
4963
4997
4973
4990
4981
4998
4994
4988
4997
4999
4998
4995
4995
4999
4943
4995
4998
4973
4999
4993
4992
4998
4951
4998
4959
4997
4959
4997
4987
4988
4979
4997
4997
4998
4994
4976
4982
4997
4983
4996
4987
4994
4945
4990
4996
4984
4998
4973
4997
4991
4996
4997
4963
4963
4996
4996
4995
4969
4992
4999
4980
4989
4997
4988
4984
4993
4999
4994
4997
4992
4997
4998
4951
4978
4997
4995
4998
4978
4998
4987
4996
4995
4997
4996
4996
4999
4994
4995
4959
4987
4992
4997
4998
4994
4995
4989
4990
4975
4998
4998
4989
4995
4998
4994
4989
4991
4993
4983
4986
4999
4993
4995
4997
4995
4993
4989
4993
4963
4984
4963
4994
4998
4999
4997
4995
4951
4962
4997
4995
4999
4980
4993
4990
4973
4995
4992
4994
4992
4995
4996
4977
4997
4995
4996
4982
4998
4997
4994
4996
4991
4994
4945
4995
4985
4997
4994
4998
4959
4969
4973
4989
4999
4999
4996
4997
4995
4995
4991
4996
4998
4959
4988
4993
4997
4997
4995
4983
4987
4994
4986
4989
4988
4997
4990
4997
4998
4963
4992
4992
4994
4995
4988
4992
4994
4977
4997
4978
4996
4997
4994
4997
4993
4995
4975
4999
4983
4975
4999
4978
4997
4999
4998
4980
4963
4985
4987
4985
4992
4997
4995
4997
4991
4989
4989
4972
4998
4998
4971
4998
4993
4973
4996
4971
4999
4991
4983
4977
4984
4998
4978
4992
4992
4994
4998
4996
4996
4951
4991
4995
4998
4984
4978
4995
4994
4999
4998
4998
4997
4977
4991
4995
4997
4990
4992
4998
4994
4999
4989
4998
4975
4999
4997
4997
4995
4990
4945
4998
4996
4989
4981
4996
4997
4998
4998
4988
4997
4988
4978
4992
4991
4992
4999
4971
4994
4997
4998
4990
4983
4995
4995
4998
4986
4993
4997
4980
4997
4995
4997
4994
4996
4996
4995
4988
4994
4997
4995
4994
4994
4987
4943
4990
4987
4988
4971
4991
4943
4996
4997
4959
4996
4995
4990
4977
4997
4988
4997
4980
4999
4993
4983
4977
4999
4985
4987
4986
4997
4961
4975
4990
4986
4999
4997
4996
4977
4999
4998
4990
4998
4996
4999
4995
4996
4980
4998
4996
4996
4996
4997
4995
4999
4996
4998
4993
4996
4986
4993
4999
4996
4997
4999
4999
4978
4990
4951
4997
4994
4945
4997
4997
4966
4979
4996
4996
4990
4987
4997
4994
4998
4999
4995
4948
4986
4998
4994
4976
4990
4992
4981
4990
4987
4982
4991
4999
4993
4999
4993
4972
4969
4997
4998
4999
4926
4995
4998
4995
4992
4982
4996
4997
4999
4997
4997
4998
4995
4964
4998
4978
4994
4992
4996
4996
4999
4972
4997
4959
4980
4995
4997
4992
4989
4951
4986
4995
4945
4989
4999
4998
4994
4995
4972
4993
4999
4975
4992
4977
4996
4988
4999
4961
4996
4991
4997
4995
4995
4998
4996
4959
4998
4998
4996
4999
4999
4999
4991
4943
4993
4977
4994
4986
4995
4990
4988
4975
4998
4998
4984
4975
4986
4998
4998
4996
4986
4999
4990
4989
4973
4995
4977
4978
4990
4999
4991
4988
4997
4989
4993
4998
4977
4995
4997
4995
4996
4996
4982
4993
4984
4991
4994
4998
4999
4989
4999
4982
4996
4998
4997
4983
4996
4984
4996
4998
4991
4998
4991
4997
4973
4997
4986
4943
4999
4998
4991
4996
4996
4997
4995
4993
4998
4989
4997
4979
4999
4999
4998
4994
4998
4995
4989
4990
4992
4996
4995
4988
4987
4994
4997
4996
4998
4998
4992
4971
4987
4993
4998
4998
4996
4997
4994
4995
4990
4973
4989
4945
4982
4986
4992
4995
4983
4992
4992
4998
4997
4991
4996
4997
4995
4975
4997
4993
4991
4987
4997
4991
4980
4972
4954
4999
4994
4998
4995
4995
4997
4996
4997
4997
4997
4993
4987
4972
4994
4991
4997
4994
4990
4977
4992
4993
4990
4997
4986
4997
4986
4998
4963
4994
4998
4994
4972
4972
4996
4988
4985
4997
4996
4983
4989
4994
4998
4995
4994
4999
4999
4997
4997
4988
4997
4996
4999
4985
4986
4995
4992
4999
4982
4999
4998
4989
4994
4998
4948
4995
4995
4989
4995
4992
4997
4985
4998
4997
4993
4996
4999
4998
4998
4990
4991
4972
4943
4997
4997
4995
4989
4991
4995
4993
4959
4999
4983
4996
4990
4998
4964
4988
4992
4988
4989
4997
4997
4997
4997
4959
4991
4969
4993
4994
4994
4996
4992
4996
4992
4959
4999
4995
4995
4998
4976
4999
4999
4988
4996
4994
4998
4996
4989
4966
4999
4997
4991
4984
4989
4997
4997
4998
4998
4997
