SOURCE=sorted_name_charmap_P10.txt
P=10
LMAX=10
PARTITIONS=100000
QUERIES=1000
99705
99814
99855
99704
98910
99579
99998
99998
97634
99310
99892
99978
99972
99885
99772
99310
99990
99573
99888
99921
99776
99969
99651
99999
99823
99836
99990
99972
99842
99973
99967
99988
99996
99972
99497
99915
99989
99448
99310
99981
99871
99996
99973
99986
99944
99957
99986
99934
99788
99973
99702
99976
99986
99998
99981
99998
99994
99220
99916
99983
99865
99948
99993
99985
99980
99999
98953
99710
99473
99952
99923
99998
99458
99994
99998
99983
99973
99989
99973
99970
99991
99871
99984
99996
99943
99365
99942
99962
99743
99924
99465
99996
99999
99840
99570
99998
99793
99918
99874
99652
99897
99949
99953
99985
99777
99745
99992
99982
99261
99629
99965
99859
99993
99916
99988
99915
99987
99999
99956
99935
99830
99629
99700
99985
99996
99997
99954
99867
99904
99201
99998
99999
99626
99742
99998
99979
99863
99982
99728
99579
99936
99949
99992
99951
99989
99978
99541
99951
99742
99891
99997
99591
99836
99699
99991
99909
99889
99998
99967
99201
99991
99897
99681
99745
99998
99911
99968
99854
99967
99932
99362
99992
99994
99722
99984
99992
99888
99925
99805
99986
99458
99990
99734
99605
99985
99702
99988
99981
99991
99995
99793
99661
99220
99999
99753
99327
99997
99752
99801
99722
98572
99975
99996
99993
99968
99898
99996
99336
99772
99793
99988
99842
99885
99541
99876
99979
99991
99929
99780
99986
99988
99998
99630
99997
99701
99983
99994
99955
99579
99952
99929
99336
99769
99774
99734
99990
99892
99941
98953
99999
99962
99961
99853
99987
99904
99336
99992
99465
99833
99675
99984
99893
99800
99998
99997
99999
99893
99889
99999
98910
99989
99994
99566
99990
99928
99897
99992
99025
99994
99261
99977
99261
99944
99780
99822
99578
99980
99949
99997
99892
99573
99734
99995
99700
99965
99791
99936
98953
99801
99955
99693
99999
99561
99979
99902
99958
99953
99336
99336
99995
99956
99961
99448
99842
99999
99685
99821
99986
99774
99797
99898
99998
99916
99963
99897
99985
99994
99023
99579
99995
99953
99987
99579
99998
99780
99957
99964
99996
99943
99970
99997
99848
99936
99201
99772
99896
99992
99994
99925
99987
99811
99832
99570
99993
99987
99860
99949
99999
99886
99805
99854
99921
99702
99710
99995
99892
99973
99972
99893
99894
99787
99902
99310
99678
99260
99893
99993
99998
99995
99946
99023
99220
99967
99918
99992
99629
99871
99832
99465
99965
99870
99938
99867
99973
99995
99615
99937
99939
99983
99669
99971
99998
99874
99975
99852
99984
98953
99924
99842
99926
99914
99991
99201
99433
99465
99851
99993
99998
99926
99980
99922
99970
99902
99938
99996
99261
99820
99935
99968
99993
99958
99704
99728
99871
99710
99820
99824
99998
99826
99998
99958
99336
99905
99870
99903
99993
99786
99883
99922
99581
99970
99609
99977
99984
99940
99989
99903
99959
99572
99987
99711
99572
99999
99596
99996
99998
99991
99661
99336
99756
99813
99756
99895
99981
99936
99980
99878
99801
99872
99433
99999
99958
99458
99999
99940
99566
99997
99463
99994
99832
99705
99605
99753
99995
99579
99893
99859
99924
99985
99984
99993
99023
99912
99987
99990
99693
99579
99914
99945
99999
99978
99999
99972
99581
99853
99975
99988
99887
99924
99996
99938
99994
99800
99985
99541
99998
99990
99926
99933
99882
98953
99998
99977
99869
99646
99900
99997
99999
99994
99776
99998
99795
99631
99861
99859
99891
99985
99462
99940
99993
99993
99880
99700
99927
99958
99989
99710
99939
99972
99661
99963
99895
99923
99898
99995
99921
99982
99790
99914
99995
99942
99924
99947
99755
98910
99864
99805
99774
99423
99852
98910
99998
99995
99201
99935
99927
99861
99591
99959
99795
99974
99661
99999
99912
99702
99605
99995
99737
99783
99777
99975
99327
99572
99863
99722
99996
99990
99964
99581
99998
99996
99863
99992
99935
99996
99933
99938
99661
99992
99975
99963
99963
99967
99974
99995
99974
99996
99918
99979
99735
99892
99987
99963
99984
99997
99999
99579
99833
99023
99982
99919
98953
99961
99952
99362
99591
99958
99966
99852
99832
99939
99922
99996
99993
99986
99005
99735
99992
99954
99573
99826
99932
99675
99845
99773
99669
99878
99996
99958
99999
99886
99433
99433
99944
99969
99985
98572
99946
99956
99920
99859
99734
99947
99980
99998
99979
99998
99995
99942
99261
99934
99602
99952
99896
99951
99967
99987
99495
99974
99261
99661
99961
99985
99900
99866
99023
99786
99893
98953
99851
99992
99995
99940
99958
99495
99946
99998
99541
99867
99591
99921
99778
99999
99265
99930
99853
99988
99936
99944
99997
99976
99261
99988
99985
99992
99999
99997
99998
99791
98910
99897
99542
99946
99786
99986
99854
99822
99572
99990
99981
99797
99541
99786
99997
99957
99978
99737
99998
99881
99835
99465
99920
99605
99631
99863
99999
99876
99786
99994
99776
99868
99951
99591
99974
99979
99965
99952
99948
99768
99891
99723
99852
99994
99990
99995
99836
99996
99716
99915
99996
99955
99705
99921
99693
99986
99999
99908
99981
99878
99975
99566
99957
99777
98910
99999
99991
99902
99991
99992
99984
99988
99928
99997
99787
99974
99620
99997
99995
99998
99978
99989
99920
99851
99865
99859
99966
99934
99776
99805
99969
99989
99983
99953
99990
99882
99458
99809
99868
99997
99980
99966
99999
99994
99989
99863
99446
99850
98953
99734
99735
99849
99975
99700
99861
99869
99997
99996
99869
99971
99940
99939
99572
99983
99902
99875
99783
99984
99852
99602
99473
99092
99998
99946
99992
99946
99909
99982
99958
99982
99979
99998
99919
99755
99495
99875
99852
99991
99917
99832
99591
99898
99932
99828
99962
99772
99961
99752
99996
99336
99927
99998
99925
99495
99495
99916
99790
99743
99978
99992
99702
99801
99870
99974
99989
99932
99999
99963
99991
99994
99835
99968
99967
99999
99691
99793
99949
99872
99996
99669
99991
99998
99801
99893
99941
99005
99920
99990
99867
99982
99869
99974
99788
99999
99990
99890
99981
99998
99985
99986
99826
99854
99518
98910
99936
99952
99949
99843
99942
99944
99919
99201
99971
99704
99996
99876
99987
99318
99803
99874
99786
99842
99973
99990
99995
99997
99201
99878
99433
99946
99891
99941
99917
99933
99979
99833
99261
99974
99938
99923
99996
99573
99988
99990
99817
99992
99879
99991
99943
99851
99338
99997
99999
99904
99753
99816
99997
99995
99998
99971
99989
