SOURCE=sorted_name_charmap_P500.txt
P=500
LMAX=10
PARTITIONS=2000
QUERIES=1000
1991
1993
1995
1992
1976
1988
1998
1999
1952
1985
1997
1998
1997
1997
1992
1985
1994
1986
1995
1996
1993
1997
1990
1996
1995
1992
1997
1998
1991
1996
1997
1999
1997
1998
1988
1996
1997
1985
1985
1997
1996
1999
1994
1999
1995
1998
1997
1998
1991
1995
1993
1996
1999
1998
1995
1999
1999
1983
1995
1999
1993
1995
1997
1999
1997
1999
1976
1994
1988
1995
1994
1999
1988
1996
1998
1996
1997
1999
1998
1997
1997
1994
1996
1999
1997
1985
1998
1998
1992
1996
1987
1995
1998
1994
1986
1999
1992
1997
1996
1990
1994
1995
1997
1999
1994
1993
1997
1999
1979
1990
1996
1994
1999
1997
1999
1996
1996
1999
1995
1994
1996
1990
1992
1997
1999
1998
1998
1996
1997
1983
1999
1999
1990
1992
1999
1997
1993
1996
1992
1988
1997
1996
1993
1997
1999
1997
1988
1995
1992
1997
1998
1991
1992
1989
1997
1995
1995
1998
1995
1983
1999
1995
1989
1993
1998
1996
1996
1994
1995
1995
1987
1998
1999
1992
1999
1998
1995
1997
1990
1997
1988
1998
1992
1989
1996
1993
1995
1996
1998
1998
1992
1989
1983
1998
1993
1982
1997
1995
1993
1992
1966
1998
1998
1998
1996
1995
1997
1982
1992
1992
1995
1996
1996
1988
1993
1998
1998
1997
1994
1997
1997
1998
1990
1998
1993
1997
1997
1997
1988
1995
1996
1982
1992
1991
1990
1997
1997
1997
1976
1999
1998
1995
1996
1997
1994
1982
1997
1987
1993
1991
1997
1996
1994
1998
1998
1998
1999
1999
1999
1976
1996
1998
1986
1998
1995
1994
1999
1978
1998
1979
1997
1979
1998
1994
1992
1991
1996
1998
1997
1997
1986
1990
1997
1992
1996
1990
1996
1976
1997
1997
1992
1998
1986
1997
1994
1997
1995
1982
1982
1997
1997
1995
1985
1996
1999
1990
1995
1998
1993
1990
1994
1999
1995
1998
1995
1995
1998
1978
1988
1998
1997
1998
1988
1998
1994
1997
1995
1998
1998
1996
1999
1998
1997
1983
1990
1995
1996
1997
1995
1996
1993
1994
1986
1999
1997
1992
1997
1998
1998
1994
1996
1996
1993
1994
1999
1997
1996
1997
1999
1997
1994
1995
1985
1992
1983
1996
1998
1999
1995
1995
1978
1983
1996
1996
1996
1990
1993
1994
1987
1996
1995
1996
1996
1994
1996
1990
1997
1998
1998
1992
1997
1998
1997
1997
1995
1996
1976
1997
1990
1999
1995
1998
1983
1987
1987
1993
1999
1999
1995
1998
1995
1995
1994
1995
1998
1979
1992
1995
1998
1996
1997
1992
1992
1997
1994
1993
1993
1998
1992
1997
1998
1982
1994
1995
1994
1996
1994
1993
1997
1990
1996
1989
1997
1997
1994
1997
1996
1997
1987
1998
1990
1987
1998
1989
1997
1999
1997
1989
1982
1992
1993
1992
1994
1995
1996
1995
1995
1993
1993
1986
1998
1996
1988
1998
1996
1986
1996
1986
1999
1997
1991
1989
1993
1998
1988
1996
1994
1996
1998
1998
1996
1978
1993
1995
1997
1992
1988
1997
1996
1999
1998
1999
1998
1990
1995
1995
1997
1994
1995
1999
1996
1999
1995
1997
1988
1999
1997
1996
1996
1994
1976
1998
1996
1993
1991
1996
1997
1998
1998
1993
1998
1994
1990
1996
1995
1996
1999
1989
1996
1996
1996
1995
1992
1997
1995
1997
1994
1995
1998
1989
1998
1998
1999
1995
1997
1996
1996
1994
1995
1997
1996
1994
1996
1992
1976
1995
1990
1991
1987
1995
1976
1996
1998
1983
1997
1997
1995
1990
1999
1994
1995
1989
1999
1995
1993
1989
1998
1992
1993
1992
1995
1982
1987
1994
1992
1997
1994
1996
1990
1999
1998
1994
1996
1998
1999
1995
1995
1989
1998
1997
1997
1997
1998
1996
1999
1995
1998
1994
1998
1994
1997
1998
1997
1997
1999
1999
1990
1993
1978
1996
1997
1976
1999
1998
1987
1991
1996
1996
1995
1993
1997
1997
1996
1998
1993
1979
1994
1998
1996
1986
1995
1995
1991
1994
1993
1992
1995
1998
1994
1999
1994
1986
1987
1998
1999
1998
1966
1995
1998
1996
1994
1990
1998
1998
1998
1997
1996
1998
1996
1986
1999
1989
1996
1995
1996
1995
1998
1988
1997
1979
1989
1995
1998
1996
1992
1978
1990
1999
1976
1993
1999
1998
1994
1995
1988
1994
1999
1988
1995
1990
1998
1993
1999
1983
1995
1995
1997
1998
1995
1998
1997
1979
1998
1999
1997
1999
1999
1999
1997
1976
1995
1988
1996
1990
1995
1994
1992
1987
1997
1995
1990
1988
1990
1998
1999
1996
1994
1999
1994
1994
1987
1997
1989
1990
1994
1999
1995
1994
1997
1995
1998
1997
1990
1996
1997
1997
1997
1997
1989
1997
1993
1995
1997
1996
1999
1992
1999
1990
1997
1996
1998
1991
1996
1992
1997
1998
1994
1998
1995
1996
1986
1999
1992
1976
1998
1997
1994
1998
1996
1997
1997
1995
1999
1994
1997
1989
1999
1998
1998
1995
1998
1997
1993
1995
1994
1996
1996
1993
1990
1994
1996
1998
1998
1999
1996
1988
1992
1998
1998
1999
1996
1997
1995
1995
1994
1987
1995
1976
1990
1994
1996
1995
1992
1996
1995
1998
1998
1996
1995
1996
1996
1987
1996
1995
1997
1993
1997
1996
1992
1988
1981
1999
1996
1998
1996
1995
1997
1996
1998
1998
1997
1994
1992
1988
1994
1995
1997
1995
1994
1990
1995
1994
1995
1999
1992
1999
1995
1998
1982
1995
1998
1996
1988
1988
1997
1994
1992
1995
1994
1993
1993
1996
1997
1995
1995
1999
1999
1998
1997
1994
1998
1996
1999
1993
1992
1995
1993
1997
1992
1998
1998
1993
1996
1997
1979
1997
1995
1993
1995
1995
1998
1991
1998
1997
1996
1996
1998
1997
1998
1992
1996
1988
1976
1998
1998
1998
1995
1994
1997
1994
1983
1997
1992
1996
1993
1996
1984
1994
1996
1994
1991
1998
1997
1998
1998
1983
1995
1987
1996
1997
1995
1998
1993
1997
1994
1979
1998
1996
1996
1999
1986
1999
1998
1994
1995
1997
1998
1996
1993
1985
1999
1998
1994
1993
1996
1998
1997
1998
1998
1998
