SOURCE=sorted_name_charmap_P100.txt
P=100
LMAX=10
PARTITIONS=10000
QUERIES=1000
9969
9980
9985
9969
9888
9958
9998
9999
9763
9929
9988
9996
9996
9987
9975
9929
9998
9955
9986
9992
9977
9996
9962
9999
9981
9982
9997
9997
9981
9996
9995
9998
9998
9995
9948
9989
9998
9941
9929
9996
9986
9999
9995
9999
9992
9994
9996
9994
9974
9998
9969
9995
9997
9997
9997
9998
9998
9923
9990
9999
9982
9995
9996
9997
9998
9998
9893
9973
9948
9991
9989
9999
9946
9994
9999
9995
9998
9998
9996
9998
9996
9983
9997
9998
9994
9934
9995
9996
9973
9990
9946
9998
9999
9982
9953
9999
9977
9990
9986
9962
9988
9993
9996
9997
9977
9974
9998
9999
9924
9962
9994
9985
9998
9991
9998
9989
9996
9999
9995
9991
9981
9962
9969
9999
9999
9998
9994
9985
9990
9920
9999
9999
9959
9973
9999
9995
9983
9995
9973
9958
9992
9992
9996
9995
9999
9996
9953
9992
9973
9989
9999
9959
9982
9965
9998
9991
9988
9998
9993
9920
9998
9987
9966
9974
9998
9992
9995
9984
9997
9991
9937
9998
9999
9972
9997
9997
9986
9994
9979
9998
9946
9998
9973
9960
9997
9969
9999
9996
9999
9998
9977
9962
9923
9999
9973
9929
9997
9975
9979
9972
9856
9995
9999
9999
9994
9988
9997
9930
9975
9977
9998
9984
9985
9953
9984
9997
9997
9991
9978
9997
9996
9999
9961
9998
9971
9997
9999
9996
9958
9993
9990
9930
9976
9977
9969
9997
9987
9994
9893
9998
9994
9994
9984
9997
9989
9930
9998
9946
9981
9966
9998
9989
9980
9998
9999
9998
9989
9989
9999
9888
9995
9998
9955
9998
9990
9988
9998
9902
9999
9924
9997
9924
9995
9978
9981
9959
9998
9994
9998
9988
9955
9969
9998
9969
9996
9978
9991
9893
9980
9993
9969
9997
9953
9997
9988
9993
9995
9930
9930
9996
9993
9994
9941
9984
9999
9964
9980
9996
9977
9975
9989
9999
9991
9994
9987
9997
9999
9902
9958
9999
9994
9999
9958
9999
9978
9994
9993
9998
9993
9995
9999
9986
9992
9920
9977
9989
9998
9997
9991
9996
9980
9982
9953
9998
9999
9982
9994
9998
9988
9980
9984
9990
9969
9973
9999
9987
9995
9995
9989
9989
9979
9989
9929
9968
9926
9989
9998
9999
9998
9993
9902
9923
9996
9991
9999
9962
9988
9982
9946
9993
9986
9992
9985
9995
9996
9961
9994
9992
9996
9966
9997
9999
9989
9995
9983
9995
9893
9991
9979
9992
9991
9997
9920
9941
9946
9984
9999
9998
9994
9996
9992
9994
9988
9993
9999
9924
9980
9990
9996
9996
9994
9969
9973
9987
9973
9981
9981
9998
9981
9998
9995
9930
9988
9986
9989
9995
9978
9986
9991
9958
9996
9958
9997
9996
9992
9997
9990
9993
9955
9999
9969
9955
9999
9959
9997
9999
9997
9962
9930
9974
9978
9974
9988
9997
9993
9996
9985
9979
9985
9946
9997
9996
9946
9998
9994
9955
9997
9945
9999
9983
9969
9960
9973
9997
9958
9986
9985
9990
9997
9998
9996
9902
9988
9996
9998
9969
9958
9990
9992
9998
9997
9998
9996
9958
9985
9995
9998
9986
9990
9998
9992
9999
9979
9998
9953
9999
9998
9992
9992
9986
9893
9998
9996
9984
9963
9991
9998
9999
9999
9977
9998
9978
9960
9985
9986
9988
9998
9946
9994
9998
9999
9985
9969
9992
9994
9998
9973
9991
9995
9962
9997
9989
9992
9988
9997
9992
9996
9978
9991
9999
9993
9991
9992
9974
9888
9984
9979
9977
9942
9983
9888
9996
9998
9920
9992
9992
9985
9957
9995
9978
9996
9962
9999
9989
9969
9960
9999
9973
9976
9975
9996
9929
9955
9986
9972
9999
9996
9994
9958
9999
9999
9986
9998
9993
9999
9992
9993
9962
9998
9995
9994
9995
9996
9995
9998
9995
9999
9992
9995
9973
9987
9998
9994
9997
9999
9999
9959
9981
9902
9997
9990
9893
9995
9994
9937
9959
9994
9995
9983
9980
9996
9991
9999
9999
9994
9899
9973
9998
9992
9955
9982
9989
9966
9982
9976
9966
9985
9999
9993
9999
9988
9946
9941
9995
9997
9998
9856
9993
9996
9991
9985
9969
9993
9997
9998
9997
9998
9998
9993
9927
9995
9959
9993
9987
9993
9996
9999
9947
9996
9924
9962
9994
9997
9987
9983
9902
9978
9989
9893
9984
9999
9998
9992
9994
9947
9994
9999
9953
9985
9957
9992
9977
9999
9924
9994
9985
9996
9993
9994
9998
9995
9924
9998
9998
9996
9999
9999
9999
9981
9888
9988
9954
9993
9978
9995
9984
9981
9955
9999
9997
9975
9953
9978
9998
9996
9997
9973
9999
9985
9982
9946
9991
9960
9960
9986
9999
9985
9978
9999
9977
9987
9995
9957
9995
9996
9997
9994
9994
9971
9989
9972
9983
9996
9998
9999
9982
9999
9969
9991
9998
9995
9969
9992
9969
9998
9997
9988
9997
9985
9996
9955
9995
9975
9888
9998
9998
9988
9997
9997
9996
9996
9990
9999
9979
9995
9960
9999
9999
9999
9993
9998
9991
9984
9983
9985
9995
9993
9977
9979
9994
9997
9997
9997
9998
9985
9946
9977
9987
9999
9997
9994
9998
9997
9998
9986
9946
9983
9893
9969
9973
9985
9995
9969
9985
9985
9997
9997
9985
9995
9994
9993
9955
9997
9989
9987
9976
9997
9983
9960
9948
9909
9999
9993
9998
9993
9991
9996
9994
9998
9997
9998
9989
9974
9947
9988
9983
9998
9990
9982
9957
9988
9990
9982
9995
9975
9995
9975
9999
9930
9991
9997
9990
9947
9947
9992
9978
9973
9996
9997
9969
9979
9987
9998
9998
9990
9999
9997
9997
9997
9980
9994
9995
9998
9970
9977
9993
9986
9999
9966
9998
9998
9979
9990
9994
9899
9991
9996
9983
9995
9985
9996
9974
9999
9998
9987
9997
9999
9999
9997
9981
9984
9948
9888
9994
9994
9993
9982
9990
9993
9989
9920
9997
9969
9997
9984
9999
9930
9980
9986
9978
9981
9996
9998
9997
9997
9920
9985
9941
9991
9988
9991
9991
9989
9996
9983
9924
9998
9992
9992
9998
9955
9999
9999
9979
9998
9988
9997
9994
9984
9933
9999
9997
9989
9973
9980
9997
9999
9998
9997
9997
