SOURCE=sorted_name_charmap_P50.txt
P=50
LMAX=10
PARTITIONS=20000
QUERIES=1000
19941
19961
19970
19940
19779
19916
19999
19999
19526
19863
19977
19996
19994
19976
19953
19863
19998
19914
19976
19984
19955
19993
19930
19999
19963
19968
19998
19995
19968
19994
19993
19997
19999
19993
19898
19982
19997
19887
19863
19994
19974
19999
19993
19999
19989
19990
19995
19988
19954
19994
19940
19993
19996
19997
19995
19998
19998
19845
19982
19997
19968
19990
19997
19997
19997
19998
19790
19942
19895
19988
19983
19999
19892
19997
19999
19994
19995
19997
19993
19994
19995
19971
19996
19998
19988
19871
19990
19992
19949
19984
19893
19999
19999
19966
19912
19999
19957
19982
19974
19930
19979
19990
19991
19995
19955
19949
19999
19998
19851
19925
19992
19971
19997
19983
19999
19982
19997
19999
19992
19985
19964
19925
19940
19998
19998
19999
19989
19973
19981
19840
19999
19999
19924
19948
19999
19993
19971
19993
19946
19916
19988
19990
19997
19989
19999
19994
19908
19990
19948
19978
19999
19920
19968
19937
19998
19983
19978
19998
19990
19840
19998
19977
19935
19949
19998
19983
19991
19969
19994
19984
19876
19998
19999
19945
19996
19997
19976
19988
19960
19997
19892
19996
19946
19921
19998
19940
19999
19994
19998
19997
19957
19931
19845
19999
19948
19863
19999
19951
19959
19945
19714
19992
19999
19999
19991
19978
19997
19867
19953
19957
19998
19969
19975
19908
19974
19995
19997
19985
19956
19995
19997
19999
19925
19999
19941
19996
19998
19992
19916
19990
19986
19867
19955
19953
19946
19998
19978
19990
19790
19999
19991
19992
19970
19997
19980
19867
19998
19893
19966
19934
19997
19979
19959
19998
19999
19998
19979
19978
19999
19779
19995
19998
19914
19998
19983
19979
19998
19806
19998
19851
19995
19851
19990
19956
19965
19917
19996
19988
19998
19977
19914
19946
19998
19940
19993
19957
19985
19790
19961
19992
19938
19999
19912
19995
19980
19988
19990
19867
19867
19997
19989
19992
19887
19969
19999
19934
19962
19997
19955
19958
19978
19999
19984
19991
19977
19997
19998
19805
19916
19998
19991
19998
19916
19999
19956
19990
19990
19998
19989
19994
19999
19970
19987
19840
19955
19979
19998
19996
19987
19998
19963
19966
19912
19998
19997
19970
19990
19999
19977
19962
19970
19983
19940
19942
19999
19978
19993
19993
19979
19979
19958
19979
19863
19936
19853
19979
19998
19999
19999
19988
19805
19845
19994
19984
19999
19925
19975
19966
19893
19992
19973
19986
19973
19993
19998
19923
19987
19986
19995
19932
19994
19999
19976
19993
19969
19995
19790
19985
19967
19985
19983
19999
19840
19885
19893
19970
19999
19999
19987
19994
19984
19993
19980
19988
19999
19851
19964
19987
19993
19998
19991
19940
19946
19974
19942
19962
19964
19999
19965
19998
19992
19867
19978
19973
19981
19996
19956
19975
19984
19916
19994
19919
19995
19997
19986
19999
19980
19988
19914
19997
19942
19914
19999
19920
19997
19999
19997
19931
19867
19950
19961
19950
19978
19996
19986
19996
19974
19959
19974
19889
19997
19992
19892
19998
19987
19914
19998
19893
19999
19967
19941
19921
19948
19997
19916
19977
19971
19982
19996
19998
19995
19805
19980
19996
19996
19938
19916
19981
19988
19999
19995
19998
19993
19916
19970
19993
19998
19979
19985
19998
19986
19999
19960
19998
19908
19999
19998
19985
19986
19975
19790
19998
19994
19972
19928
19981
19997
19999
19999
19955
19999
19957
19924
19972
19972
19977
19997
19895
19988
19998
19999
19976
19940
19985
19992
19998
19942
19987
19994
19931
19993
19979
19984
19978
19998
19984
19995
19957
19983
19998
19989
19985
19988
19951
19779
19972
19960
19953
19884
19969
19779
19996
19998
19840
19987
19985
19972
19917
19991
19957
19994
19931
19998
19981
19940
19921
19999
19947
19955
19954
19994
19863
19914
19974
19945
19999
19996
19993
19916
19999
19999
19974
19998
19985
19999
19986
19988
19931
19998
19993
19992
19991
19994
19994
19998
19995
19998
19983
19993
19947
19978
19997
19992
19996
19999
19999
19918
19966
19805
19996
19982
19790
19992
19989
19876
19920
19990
19992
19969
19965
19991
19984
19999
19999
19994
19801
19947
19998
19988
19914
19966
19983
19934
19968
19954
19932
19974
19999
19990
19999
19977
19889
19885
19990
19994
19996
19714
19988
19992
19984
19971
19946
19987
19995
19998
19995
19998
19999
19989
19853
19988
19919
19989
19977
19988
19993
19998
19898
19994
19851
19931
19992
19997
19979
19972
19805
19957
19979
19790
19970
19998
19999
19986
19990
19898
19990
19998
19908
19972
19917
19985
19956
19999
19852
19986
19970
19998
19986
19988
19998
19994
19851
19996
19997
19997
19999
19998
19999
19961
19779
19979
19910
19987
19957
19996
19969
19965
19914
19999
19995
19958
19908
19957
19998
19992
19996
19947
19999
19976
19965
19893
19984
19921
19924
19974
19999
19974
19956
19999
19955
19974
19990
19917
19994
19994
19993
19989
19990
19951
19978
19945
19968
19996
19997
19999
19968
19998
19943
19983
19997
19992
19941
19984
19938
19998
19999
19979
19995
19974
19994
19914
19991
19954
19779
19998
19998
19980
19996
19997
19995
19996
19983
19999
19958
19993
19923
19999
19999
19999
19994
19998
19984
19970
19970
19971
19992
19986
19955
19960
19993
19997
19997
19992
19997
19978
19892
19959
19974
19999
19995
19991
19999
19998
19997
19974
19891
19968
19790
19946
19947
19971
19995
19940
19972
19972
19998
19998
19973
19993
19988
19986
19914
19997
19979
19974
19955
19996
19971
19920
19895
19818
19999
19987
19998
19988
19983
19996
19990
19997
19995
19997
19982
19951
19898
19976
19968
19997
19982
19966
19917
19979
19986
19966
19992
19953
19992
19951
19999
19867
19984
19998
19984
19898
19898
19984
19957
19949
19996
19997
19940
19959
19974
19995
19997
19984
19999
19993
19998
19998
19964
19991
19993
19999
19940
19957
19989
19974
19999
19932
19997
19999
19959
19980
19989
19801
19984
19997
19969
19995
19972
19995
19954
19999
19998
19976
19996
19999
19997
19996
19965
19970
19902
19779
19987
19989
19989
19968
19985
19989
19982
19840
19994
19940
19997
19974
19997
19862
19960
19974
19956
19968
19994
19998
19997
19997
19840
19974
19885
19987
19977
19987
19983
19985
19996
19966
19851
19995
19989
19986
19998
19914
19998
19998
19961
19999
19975
19996
19988
19970
19866
19998
19997
19980
19948
19964
19998
19998
19998
19995
19998
