SOURCE=ip_charmap_P100_LMAX8.txt
STRATEGY=charmap
P=100
LMAX=8
PARTITIONS=10000
QUERIES=1000
0
4
10
6
22
17
11
217
34
16
12
6
2
9
1
32
5
4
30
3
7
1
1
8
9
10
10
14
17
0
10
1
0
5
4
7
21
8
10
14
20
2
13
7
1
7
8
4
35
17
0
11
11
7
6
3
7
0
14
34
21
1
3
0
2
12
32
1
1
10
14
0
5
15
2
2
12
1
5
15
2
0
19
4
0
4
8
11
2
21
19
0
3
1
11
0
50
0
0
3
0
1
0
16
7
3
4
29
4
16
4
5
10
1
4
12
3
7
3
11
204
1
3
4
2
0
0
24
2
0
10
11
3
17
5
21
0
1
200
11
2
11
15
3
8
201
9
2
35
13
52
3
10
14
5
4
15
17
12
3
2
0
11
23
2
3
9
0
207
1
200
5
0
0
1
7
6
7
0
2
13
0
30
2
16
5
4
3
0
1
0
14
9
0
5
11
14
2
9
5
4
42
1
203
9
34
0
1
11
18
0
5
2
0
2
3
5
10
13
1
7
7
3
6
1
7
15
215
0
6
3
5
3
7
12
2
2
0
2
13
1
0
12
0
3
13
1
2
17
18
16
14
14
41
10
10
15
201
15
0
32
9
2
0
9
0
3
8
2
24
15
19
1
0
2
12
8
2
3
0
10
2
0
7
36
4
33
15
1
4
3
4
4
11
0
45
9
13
2
1
10
9
4
0
202
0
1
3
8
0
4
12
9
3
8
30
30
3
5
2
9
205
0
1
7
2
1
16
3
6
8
12
2
204
4
0
7
20
6
4
17
2
4
7
3
10
2
13
0
16
4
14
2
8
19
0
4
11
0
12
0
13
6
10
1
2
1
32
7
8
40
0
1
16
7
7
207
14
4
3
12
4
11
13
4
8
41
5
0
0
7
20
2
4
1
200
14
7
20
1
0
3
4
7
16
0
11
4
11
9
9
0
16
2
8
0
4
4
4
9
9
28
0
10
9
1
14
14
2
4
212
5
2
2
2
6
215
11
4
11
8
7
0
9
3
0
1
1
9
8
1
7
15
2
33
4
1
30
8
2
1
8
14
5
204
0
0
8
8
0
10
12
17
2
2
3
2
17
15
3
10
1
2
11
2
10
14
19
0
1
207
3
1
2
3
9
0
13
3
14
11
10
1
10
1
7
0
32
0
9
0
9
0
0
34
6
18
0
0
16
5
19
3
31
208
0
7
17
2
8
0
3
1
31
2
17
1
4
4
5
7
15
10
0
2
23
202
13
11
2
2
10
0
4
13
4
12
6
4
201
3
19
2
0
10
0
14
16
4
3
17
0
0
2
3
5
11
4
12
32
12
0
1
10
5
10
2
1
14
0
8
19
13
0
0
0
3
10
0
2
14
11
0
17
14
207
0
1
14
11
13
3
11
20
6
3
2
2
0
0
7
1
10
0
1
6
11
11
3
4
16
6
19
2
208
9
2
4
15
0
2
8
6
7
7
12
14
14
30
9
2
7
5
9
8
3
0
201
0
22
3
202
14
16
12
2
3
19
34
13
7
208
5
2
8
5
2
0
7
21
2
4
0
8
11
3
10
9
16
17
4
0
2
2
11
11
10
15
2
3
7
7
0
1
9
1
16
11
1
4
7
10
19
13
7
10
6
205
14
4
13
11
5
201
16
1
3
7
0
1
17
13
16
0
1
207
2
7
0
1
3
0
2
1
0
10
17
18
30
4
5
22
3
12
25
5
4
6
2
1
6
0
11
4
10
20
0
3
0
2
9
7
0
1
1
15
1
23
2
7
1
4
6
1
2
15
14
2
12
32
10
15
8
3
14
8
0
25
0
7
16
33
201
8
15
201
0
11
18
0
1
14
203
3
2
31
16
12
7
16
18
16
16
20
12
27
12
0
17
1
3
1
3
1
7
13
3
1
8
11
0
20
17
31
7
5
4
4
32
8
5
5
0
15
4
0
2
6
0
5
4
0
0
6
32
4
1
10
209
3
30
31
8
200
7
1
0
0
3
13
2
2
3
4
200
27
208
2
1
2
15
10
0
7
24
40
1
0
14
0
0
0
0
8
1
2
0
8
11
12
2
18
3
0
12
1
200
0
0
8
0
4
4
33
0
6
5
7
2
12
2
0
5
10
8
2
23
0
6
4
3
1
0
17
15
43
7
7
201
0
20
12
2
9
9
15
3
18
0
1
205
39
209
3
1
9
10
14
3
0
3
12
1
12
33
2
2
19
3
9
47
18
6
3
2
7
15
12
2
13
0
17
19
0
2
24
2
2
9
13
