SOURCE=ip_charmap_P100_LMAX5.txt
STRATEGY=charmap
P=100
LMAX=5
PARTITIONS=10000
QUERIES=1000
0
4
0
4
19
15
9
207
32
14
7
5
0
7
0
30
5
3
30
0
7
1
0
6
4
9
7
12
7
0
10
1
0
3
4
7
19
7
9
12
16
2
12
7
0
7
8
4
33
7
0
11
0
7
1
0
7
0
12
34
11
1
0
0
1
10
30
1
1
9
3
0
3
13
1
1
12
0
4
13
2
0
7
4
0
4
8
7
1
11
18
0
1
0
1
0
39
0
0
0
0
0
0
14
7
3
4
19
4
15
4
2
0
0
0
12
0
7
1
9
204
1
3
4
0
0
0
24
1
0
0
7
1
16
0
11
0
0
200
1
0
10
15
0
8
200
9
0
32
12
40
2
10
14
2
4
15
7
12
3
2
0
11
21
1
2
7
0
207
0
200
4
0
0
1
7
5
7
0
2
12
0
30
1
15
2
4
0
0
0
0
14
8
0
0
9
12
0
9
4
2
37
0
201
7
32
0
0
11
13
0
4
1
0
1
3
4
0
12
0
4
7
1
5
1
4
15
215
0
6
3
4
3
7
7
1
0
0
0
12
0
0
11
0
3
12
1
2
7
16
16
14
13
37
9
9
15
200
15
0
30
9
1
0
9
0
3
3
1
24
15
19
1
0
0
0
7
2
0
0
10
2
0
7
34
4
30
15
0
1
0
3
0
11
0
45
9
9
0
0
0
7
3
0
201
0
0
0
6
0
2
0
9
3
7
30
30
3
5
1
7
205
0
1
7
0
1
16
3
3
8
7
0
204
0
0
7
19
4
2
15
2
2
4
3
0
2
12
0
12
4
14
0
7
19
0
2
10
0
11
0
12
4
7
1
2
0
32
7
7
38
0
1
15
7
7
205
13
4
1
12
0
11
13
4
7
39
2
0
0
7
9
2
4
0
200
14
7
16
1
0
1
4
7
16
0
0
4
8
9
8
0
4
0
7
0
0
4
2
7
9
16
0
9
9
0
14
9
0
4
208
2
0
2
2
4
215
7
4
10
6
6
0
7
0
0
0
0
4
7
0
7
14
1
30
4
0
30
7
1
1
8
11
0
204
0
0
7
3
0
10
0
16
2
2
2
0
15
15
0
9
1
0
10
2
7
12
17
0
0
207
0
1
2
3
9
0
13
3
14
10
7
0
9
1
7
0
30
0
7
0
9
0
0
34
5
16
0
0
15
3
9
1
30
207
0
2
17
1
4
0
0
0
30
0
15
0
4
2
4
7
14
9
0
2
11
200
2
10
1
0
0
0
1
12
0
8
6
0
201
0
18
2
0
0
0
9
15
4
3
16
0
0
0
3
4
7
1
10
30
7
0
1
10
0
9
2
0
13
0
7
9
2
0
0
0
1
9
0
0
9
11
0
7
14
207
0
0
11
9
3
0
1
19
4
3
2
0
0
0
7
0
7
0
0
4
11
7
0
0
16
6
19
2
207
9
0
2
15
0
0
7
6
4
7
12
12
13
30
4
0
7
0
7
7
0
0
200
0
22
3
201
4
15
11
2
0
19
34
13
7
208
0
0
7
4
0
0
7
19
0
1
0
3
7
0
0
9
4
15
3
0
0
0
1
10
7
3
0
0
7
7
0
0
7
0
16
1
0
3
7
0
15
10
7
9
4
201
4
1
9
7
2
200
16
1
3
7
0
0
14
9
15
0
1
205
1
7
0
1
2
0
0
0
0
9
14
13
30
0
1
12
3
10
15
4
4
6
1
0
6
0
1
0
10
9
0
2
0
2
7
7
0
1
0
13
0
22
0
7
0
2
6
1
0
15
11
0
10
30
7
15
7
2
11
7
0
24
0
7
15
32
200
8
11
200
0
7
7
0
0
12
201
0
2
31
16
12
7
16
16
16
15
16
11
22
0
0
7
0
3
1
0
0
7
2
0
0
7
7
0
17
15
30
7
4
4
0
30
8
0
4
0
15
0
0
1
3
0
4
2
0
0
2
30
0
0
9
207
0
30
30
7
200
2
0
0
0
0
12
0
1
3
3
200
22
208
0
0
1
15
7
0
7
14
30
1
0
13
0
0
0
0
7
0
1
0
7
11
11
1
16
3
0
12
0
200
0
0
7
0
0
1
30
0
4
0
6
0
0
2
0
3
0
7
0
22
0
3
1
2
0
0
16
15
33
2
7
200
0
10
7
2
9
7
15
3
16
0
1
201
37
207
0
1
9
0
13
3
0
0
9
0
12
22
2
0
7
3
9
45
16
2
2
0
7
15
11
1
12
0
16
18
0
0
14
0
2
9
11
