SOURCE=ip_charmap_P100_LMAX3.txt
STRATEGY=charmap
P=100
LMAX=3
PARTITIONS=10000
QUERIES=1000
0
0
0
0
12
14
0
207
2
7
7
5
0
7
0
0
5
2
0
0
7
0
0
2
3
2
7
12
3
0
10
0
0
3
3
7
15
7
0
12
7
2
3
0
0
0
7
4
3
7
0
7
0
0
1
0
0
0
12
4
4
1
0
0
0
9
0
0
0
0
3
0
3
4
0
0
12
0
0
12
2
0
7
3
0
0
7
0
0
7
9
0
1
0
1
0
9
0
0
0
0
0
0
7
7
3
0
12
4
15
0
2
0
0
0
12
0
7
1
2
200
0
2
3
0
0
0
15
0
0
0
7
1
7
0
7
0
0
200
0
0
1
15
0
7
200
9
0
2
3
10
2
3
13
1
0
15
7
12
3
2
0
2
12
0
2
7
0
207
0
200
4
0
0
0
0
5
7
0
2
12
0
0
0
15
2
0
0
0
0
0
13
1
0
0
0
12
0
2
0
2
7
0
201
7
2
0
0
7
12
0
4
0
0
0
3
0
0
12
0
3
7
0
5
0
4
15
215
0
2
3
3
2
7
7
1
0
0
0
3
0
0
2
0
3
12
0
2
7
15
15
7
9
7
0
0
15
200
15
0
0
0
0
0
0
0
3
2
0
15
15
15
0
0
0
0
7
2
0
0
3
2
0
0
4
4
0
15
0
0
0
3
0
2
0
15
0
0
0
0
0
7
3
0
201
0
0
0
2
0
2
0
0
3
7
0
0
3
5
1
7
201
0
0
7
0
1
9
3
3
7
7
0
203
0
0
7
19
0
2
15
2
2
0
3
0
1
12
0
12
4
14
0
7
15
0
1
3
0
7
0
12
4
0
0
2
0
2
7
0
8
0
1
15
0
7
201
12
4
1
12
0
7
12
0
0
9
2
0
0
7
0
2
3
0
200
13
7
12
1
0
1
0
7
15
0
0
0
7
0
7
0
3
0
7
0
0
0
2
7
0
15
0
0
9
0
13
0
0
4
200
1
0
2
2
4
215
7
0
1
2
5
0
7
0
0
0
0
0
7
0
7
7
0
0
0
0
0
7
0
0
7
2
0
200
0
0
0
3
0
9
0
7
2
2
2
0
15
15
0
2
0
0
9
2
7
12
17
0
0
207
0
0
2
3
0
0
4
3
13
3
7
0
0
0
7
0
0
0
7
0
0
0
0
4
5
7
0
0
15
3
0
0
0
200
0
2
17
1
0
0
0
0
0
0
15
0
3
2
0
3
7
0
0
2
2
200
2
3
0
0
0
0
0
12
0
1
2
0
201
0
14
2
0
0
0
0
15
0
3
15
0
0
0
3
0
7
1
1
0
7
0
0
3
0
0
2
0
12
0
0
0
2
0
0
0
0
0
0
0
0
7
0
0
7
207
0
0
7
0
3
0
0
15
0
2
2
0
0
0
0
0
7
0
0
0
7
7
0
0
9
2
15
2
207
0
0
2
15
0
0
7
2
0
0
12
12
12
0
4
0
0
0
7
7
0
0
200
0
22
3
201
0
15
7
2
0
19
4
12
7
201
0
0
3
0
0
0
3
15
0
0
0
3
7
0
0
0
0
15
3
0
0
0
0
1
7
3
0
0
0
7
0
0
0
0
15
0
0
2
7
0
15
1
7
0
0
201
4
0
0
7
2
200
15
0
3
0
0
0
7
0
15
0
0
201
1
0
0
1
2
0
0
0
0
0
7
12
0
0
1
12
2
1
15
0
0
2
1
0
2
0
0
0
3
0
0
2
0
2
7
0
0
0
0
12
0
15
0
3
0
2
2
1
0
15
7
0
10
0
7
15
0
2
7
0
0
15
0
7
15
2
200
1
7
200
0
0
0
0
0
12
201
0
2
1
7
12
0
15
15
15
15
15
2
15
0
0
7
0
3
1
0
0
0
2
0
0
7
0
0
17
15
0
0
0
0
0
0
7
0
4
0
15
0
0
1
3
0
0
2
0
0
2
0
0
0
0
207
0
0
0
7
200
2
0
0
0
0
12
0
0
2
2
200
15
200
0
0
0
15
0
0
7
13
0
1
0
12
0
0
0
0
7
0
0
0
7
7
2
0
12
3
0
12
0
200
0
0
7
0
0
0
0
0
0
0
2
0
0
1
0
2
0
7
0
22
0
2
1
2
0
0
7
15
3
2
7
200
0
1
7
2
0
7
15
3
7
0
0
201
7
207
0
1
0
0
4
3
0
0
0
0
12
15
1
0
7
3
0
15
7
2
2
0
0
15
7
1
12
0
7
14
0
0
13
0
2
9
4
