007278
002601
005189
009098
000456
003501
008289
001245
006167
004301
000867
005512
002945
007489
000198
003245
008556
001698
006434
009367
000523
004156
007034
002389
005334
008101
000945
003698
006589
001356
009512
004456
007156
002712
005067
008434
000301
003134
006045
001589
009245
004098
007398
002267
005578
008167
000689
003467
006312
001801
009034
004234
007545
002498
005123
008378
000124
003356
006198
001467
009489
004389
007212
002834
005398
008045
000756
003589
006078
001134
009156
004012
007367
002567
005245
008523
000412
003201
006289
001623
009301
004267
007098
002689
005456
008198
000058
003067
006523
001312
009578
004345
007512
002456
005001
008312
000234
003398
006256
001545
009189
004412
007245
002901
005278
008467
000601
003312
006101
001201
009423
004198
007123
002798
005545
008223
000389
003545
006401
001098
009212
004123
007456
002534
005301
008589
000645
003023
006134
001734
009334
004498
007189
002867
005489
008078
000089
003789
006467
001501
009456
004234
007078
002645
005156
008345
000267
003167
006378
001656
009067
004301
007334
002423
005212
008256
000498
003623
006556
001289
009578
004156
007067
002756
005423
008134
000012
003856
006489
001012
009545
004389
007578
002345
005098
008401
000834
003434
006223
001767
009278
004456
007301
002989
005567
008012
000156
003098
006345
001434
009398
004189
007423
002601
005034
008489
000712
003267
