SOURCE=name_minmax_P10_LMAX12.txt
STRATEGY=minmax
P=10
LMAX=12
PARTITIONS=100000
QUERIES=1000
267
8366
1721
32705
13258
1364
1813
38642
83861
8418
63159
19445
1291
953
11016
8418
86100
1473
6072
16087
4050
88699
33512
36089
60177
1312
585
421
649
15621
84010
11321
287
4405
5977
39745
1710
57949
8418
94011
21939
27709
216
761
567
1210
27449
1186
57035
321
55060
20498
4666
27734
277
293
212
75802
4738
311
43463
225
30435
27323
25808
2684
194
3457
12604
31475
1303
3152
12094
973
34493
23296
2553
97818
21530
6536
444
14581
32003
35709
5001
12385
67946
82743
269
1522
17552
91381
42467
6785
19834
1965
1264
9537
199
34233
235
1531
23488
4887
203
267
39743
211
952
340
23540
22864
96860
88311
823
39745
807
38639
2654
19674
46380
340
59157
278
28884
30547
4448
200
66575
219
1329
2043
23806
46103
98197
424
5740
2278
369
1364
9966
13628
7805
3358
522
364
242
1135
46103
9804
35774
1532
1312
18224
16744
500
10827
9775
7897
219
61696
54338
79799
267
11891
222
41274
7117
7761
10493
8261
72768
630
17894
3930
84233
6072
6504
1826
328
12094
97611
39384
2403
741
55060
19240
11588
3973
90437
1264
299
75802
36360
16178
1997
1217
8104
36506
17894
950
2566
59587
385
201
320
85495
6985
11016
1264
17615
13979
14160
242
5459
1639
8036
35326
2310
2408
902
27930
199
47252
69588
623
278
498
1364
3560
5881
6985
6697
334
2213
19491
11919
1182
194
1346
23279
1588
523
14995
9111
6985
6954
17552
3366
242
477
66040
4219
29002
210
3896
395
69628
99994
13258
8078
383
18935
5040
5060
235
536
202
21067
952
277
952
2999
2310
901
535
3040
13299
1233
63159
1473
2213
25033
59157
10603
1057
50193
194
27754
256
375
7979
19828
78636
24269
1242
17323
6985
6985
39198
2586
1588
57949
13979
1771
23749
60410
3178
265
210
1760
286
9500
72330
54338
1072
94690
200
1364
1425
5660
2459
1364
27138
2310
53440
17388
307
21176
201
35602
71311
20805
219
1113
604
15670
874
1351
1121
1905
229
19834
3091
8850
18496
605
9722
22275
3159
5326
201
55060
3457
556
11919
11701
1638
395
12033
64228
11424
8418
2843
203
66040
9208
1221
91881
238
200
75802
946
4090
19512
340
322
229
17552
365
14725
15471
200
1238
13803
2538
66903
5827
640
246
3402
9708
219
547
1002
44394
194
199
18101
4211
9399
383
219
187
17552
233
3278
1148
935
1233
3673
216
24269
936
21311
952
17832
90476
57178
28370
73276
32705
369
72840
3457
346
411
279
18850
6758
13233
6985
283
14725
11421
46185
32293
1660
6890
49423
61337
354
10861
599
40794
2303
4594
2243
533
64213
448
533
44391
522
207
5297
6397
299
6985
478
199
478
473
331
3428
1613
2782
36506
327
74883
46344
595
12094
266
2027
18935
27272
694
8043
413
267
2403
16178
5135
1364
8444
226
56435
43025
833
8643
200
3511
2580
20946
375
1364
10213
25994
4953
70618
62524
98870
49423
392
44216
204
532
23956
5526
15471
263
52769
4364
242
97155
2790
6051
3777
10391
194
85331
1909
5777
25680
68302
1918
2273
621
4050
11553
21482
52070
3126
32166
37501
42717
8258
757
334
9245
203
59157
275
198
14986
3457
13453
426
299
313
2505
14871
320
264
3714
25724
29616
9399
65465
756
923
4632
51682
13258
14604
1826
334
364
1002
13258
9382
5841
219
10131
275
431
2897
772
21482
17285
299
829
8658
55060
2403
327
1810
14339
6077
17223
1997
533
1099
17894
235
3452
94337
49423
813
2195
1099
2742
640
11169
741
936
299
4425
547
5735
4983
11587
5381
35715
199
799
1780
50713
13833
11919
1475
5735
91466
30747
1817
12581
3366
200
721
936
194
21006
28648
8261
1532
39290
10679
1545
202
1183
6890
219
13081
7792
8959
13833
19542
1446
1473
52487
9974
242
25136
65633
246
2782
38638
236
16863
1282
74883
187
2999
2671
1693
950
238
66544
14433
226
2213
2197
3835
36641
78636
27346
375
756
203
80750
79060
883
4596
16775
726
20638
53073
9117
952
299
1588
21757
4621
56485
200
32271
395
194
233
41794
3952
40794
15014
53073
610
267
242
394
2897
7344
446
3924
221
354
392
16908
4357
352
67280
5556
952
7011
6175
2670
10791
729
38581
1138
13258
584
74178
858
32271
5911
7117
901
533
775
352
210
242
32271
3193
9656
617
51668
5134
18201
32268
17552
3986
2403
52070
1099
61962
2818
32293
609
49493
3096
67629
2897
5381
20421
1948
4432
95883
25968
9804
415
35079
8056
16972
93986
1312
10109
6615
7348
323
68082
267
3714
375
40694
7960
44725
817
2782
8700
18935
1221
6077
13258
27756
16744
24269
211
6336
97011
250
5060
3137
64228
9851
243
742
15900
45491
2185
65873
3986
233
21987
226
10679
3446
4050
1826
41504
34645
30360
315
38213
258
12094
8168
3096
1693
9962
5003
7952
25839
18789
1099
73390
88915
194
2213
13833
247
2621
59157
3126
3899
7975
56369
249
8690
360
2891
533
10293
11424
9678
14339
4688
258
71666
12604
602
29755
858
212
3868
500
15246
39290
602
1639
15827
576
51682
53073
41966
35079
38871
354
229
2897
31290
56943
52652
38080
11016
21006
8104
16891
6985
2440
1318
1509
53073
53073
80273
29616
269
20985
20276
55060
36506
3949
3773
18789
30792
61878
83799
6496
478
1856
38306
794
3128
68305
1264
24828
3619
4511
246
11157
36444
36506
6537
69340
8959
3986
1692
81755
921
3899
205
57035
9729
2670
47814
2496
3963
3048
5459
18850
5326
199
13258
68727
28648
2503
299
19955
96619
576
219
8813
32705
2413
5459
17206
223
29317
199
32293
649
30941
86945
2447
43628
219
2782
187
45926
62622
14723
14137
2196
25787
37258
952
3711
6747
6505
14298
1473
70446
89195
834
2581
82868
38953
10633
233
4264
285
4508
9111
16178
8240
5219
38853
206
10976
6374
