SOURCE=name_minmax_P5_LMAX12.txt
STRATEGY=minmax
P=5
LMAX=12
PARTITIONS=200000
QUERIES=1000
13540
57608
26890
114462
72962
24136
27672
124252
183087
57924
158877
87937
23813
21090
66190
57924
185462
25117
49286
80297
40243
188300
115780
120074
154876
23770
17250
15676
18001
78783
183133
67442
14186
42122
48784
126127
26933
152157
57924
193896
93717
105193
12809
19110
17053
23140
104777
22947
150976
14465
148339
90514
43111
105248
13760
14074
12788
174098
43428
14346
131846
12855
110280
104510
101515
33212
12524
37547
70861
112219
23929
35585
69368
21239
117434
96625
32253
197803
92839
51042
15964
76205
113200
119439
44583
70442
164651
181864
13618
25628
83577
191146
130331
51740
88827
28479
23599
61600
12738
117024
13035
25682
97033
44125
12956
13929
126123
12780
20706
14685
96796
95705
196832
187915
19636
126127
19484
124242
32859
88443
136117
14685
153758
13738
107412
110472
42126
12764
162988
13058
24141
29120
97674
135899
198187
15736
47771
30604
15115
24136
63131
73625
55757
37043
16669
15076
13580
22558
135899
62420
119547
25501
23770
85452
81601
16514
65583
62318
56100
13058
156993
147369
178470
13929
68795
12851
128465
53024
55612
64785
57403
170410
17859
84369
39677
183490
49286
50897
27563
14602
69368
197596
125458
31281
18863
148339
87447
68232
39935
190162
23599
14192
174098
120530
80144
28624
23233
56858
120832
84369
20736
32454
154117
15278
12800
14477
184797
52691
66190
23599
84008
74562
75073
13580
46826
26496
56607
118824
30756
31346
20656
105626
12745
137388
166657
17680
13739
16486
24136
37868
48581
52691
51404
14575
30130
88041
69130
22733
12524
24270
96244
25999
16661
77549
60114
52691
52596
83577
36716
13587
16360
162429
41001
107617
12786
39492
15413
166799
199994
72962
56625
15234
87086
45041
44881
13035
16836
12857
91593
20706
13731
20706
34642
30756
20288
16997
34841
72686
23367
158877
25117
30130
100122
153758
64902
21769
141638
12524
105377
13821
15150
56239
89045
177176
98344
23413
83043
52691
52691
125235
32589
25999
152157
74562
27273
97562
155370
35722
13896
12656
27259
14164
61353
169897
147369
22005
194605
12743
24136
24778
47640
31685
24136
104112
30756
146016
83498
14255
92003
12797
119271
168825
91150
13058
22167
17641
79295
20394
24084
22444
28276
12827
88827
35565
59257
86044
17472
62264
94215
35942
46186
12717
148339
37547
16998
69130
68530
26490
15413
69212
160212
67795
57924
34198
12909
162429
60563
23289
191673
13140
12743
174098
20692
40668
88088
14685
14451
12827
83577
15079
76583
78419
12764
23241
74129
32157
163485
48335
17941
13235
37266
62208
13212
16929
21466
133239
12524
12779
85140
41179
61028
15244
13058
12460
83577
13051
36621
22688
20608
23366
38698
12810
98344
20596
92092
20706
84505
190203
150993
106473
171024
114462
15115
170651
37547
14765
15642
13853
86570
51656
72544
52691
13896
76583
67439
135827
113721
26585
52334
140592
156310
14994
66026
17409
127734
30710
42999
30426
16886
160193
15906
16886
133296
16796
12762
46134
50502
14192
52691
16306
12704
16306
16218
14614
37380
26132
33857
120832
14561
173023
136064
17385
69368
13531
28985
87086
104376
18484
56617
15662
13540
31281
80144
45418
24136
57884
12804
150030
131182
19701
58555
12743
37592
32391
91466
15150
24136
63922
101876
44397
167887
157879
198867
140592
15363
132966
12768
16856
97714
46978
78419
13924
145113
41695
13580
197133
33547
49038
39215
64261
12524
184705
28087
47922
101319
165215
28128
30581
17627
40243
67793
92458
144295
35734
113494
122443
130729
57400
19158
14680
60689
12708
153758
14046
12799
77269
37547
73080
15782
14192
14391
32009
76984
14477
13506
38886
101418
108854
61028
161618
19012
20515
43002
143758
72962
76263
27563
14575
15078
21466
72962
60980
48187
13058
63622
14046
15802
34518
19301
92458
82950
14192
19909
58612
148339
31281
14599
27643
75526
49111
83102
28624
16886
22232
84369
13068
37184
194241
140592
19769
30153
22232
33318
17935
66957
18866
20596
14192
42033
16929
47959
44773
67906
46471
119451
12807
19678
27345
142265
74197
69130
25182
47959
191261
110928
27691
70794
36716
12743
18691
20930
12524
91600
106963
57403
25501
125381
65420
25855
12674
22741
52334
12832
72111
55720
59733
74197
88156
24876
25117
144707
63144
13587
100330
161938
13235
33857
124319
13086
82207
23606
173023
12460
34642
33146
26693
20736
13140
163038
76122
12804
30130
30167
39497
121009
177176
104527
15191
19012
12909
179661
177663
20460
42805
81675
18750
90808
145664
60284
20706
14192
25999
93328
43107
150245
12743
113592
15413
12524
13051
129261
39830
127734
77596
145664
17533
13568
13580
15465
34518
53919
15942
39641
13259
14994
15363
82039
41902
14912
163849
47213
20706
52630
49706
32955
65483
18823
124222
22451
72962
17490
172224
20195
113592
48476
53024
20288
16886
19241
14916
12656
13580
113592
35831
62017
17595
143603
45412
85384
113681
83577
40007
31281
144295
22232
157120
34032
113721
17537
140560
35602
164394
34518
46471
90331
28548
42264
195842
101891
62420
15634
118434
56523
82466
193875
23770
63559
51088
53932
14557
164819
13540
38886
15150
127518
56154
133716
19788
33857
58767
87086
23284
49111
72962
105292
81601
98344
12785
50242
196987
13351
44881
35445
160212
62732
13603
18929
79819
134796
29997
162227
40007
13051
93831
12804
65420
37473
40243
27563
128826
117679
110114
14401
123538
13847
69368
56951
35602
26838
62928
44877
56122
101646
86752
22232
171296
188560
12524
30130
74197
13218
32661
153758
35734
39779
56222
149935
13268
58712
15023
34111
16886
63994
67795
61939
75526
43217
13858
169248
70861
17446
109020
20195
12775
39347
16514
77891
125381
17423
26496
79292
17153
143758
145664
129565
118434
124710
14983
12827
34518
111951
150857
144942
123397
66190
91600
56858
81980
52691
31530
24066
25511
145664
145664
179135
108854
13618
91368
90035
148339
120832
40001
39195
86752
111015
157233
183021
50852
16370
28014
123691
19393
35395
165097
23599
99742
38144
42427
13235
66913
120678
120832
51041
166462
59733
40007
26821
180633
20516
39779
13050
150976
62280
32943
138194
31928
39871
34869
46682
86570
46186
12741
72962
165739
106963
31996
14077
89285
196591
17153
13058
59119
114462
31380
46826
83057
13323
108346
12738
113721
18001
111190
186401
31585
132150
13058
33857
12460
135452
158192
76892
74997
30061
101465
122065
20706
38858
51789
50898
75434
25117
167684
188828
19687
32397
181997
124839
64994
13051
41454
14162
42601
60114
80144
57336
45659
124680
12749
66360
50404
