SOURCE=name_minmax_P50_LMAX12.txt
STRATEGY=minmax
P=50
LMAX=12
PARTITIONS=20000
QUERIES=1000
0
0
0
78
2
0
0
195
8500
0
2111
9
0
0
0
0
9743
0
0
3
0
11145
101
124
1757
0
0
0
0
2
8739
1
0
0
0
232
0
1409
0
14703
13
43
0
0
0
0
27
0
1298
0
1090
9
0
43
0
0
0
5225
0
0
350
0
71
26
33
0
0
0
0
77
0
0
0
0
99
14
0
17925
11
0
0
1
72
146
0
1
3126
7960
0
0
4
12839
319
0
9
0
0
0
0
114
0
0
14
0
0
0
232
0
0
0
27
13
17085
10798
0
232
0
195
0
9
478
0
1541
0
54
72
0
0
2832
0
0
0
14
445
18269
0
0
0
0
0
0
0
0
0
0
0
0
0
445
0
120
0
0
4
3
0
0
0
0
0
1913
1013
6811
0
0
0
268
0
0
0
0
4340
0
4
0
8679
0
0
0
0
0
17744
216
0
0
1090
8
1
0
12206
0
0
5225
132
2
0
0
0
158
4
0
0
1672
0
0
0
9448
0
0
0
4
1
1
0
0
0
0
136
0
0
0
44
0
517
3485
0
0
0
0
0
0
0
0
0
0
9
1
0
0
0
26
0
0
2
0
0
0
4
0
0
0
2646
0
55
0
0
0
3466
19994
2
0
0
7
0
0
0
0
0
13
0
0
0
0
0
0
0
0
0
0
2111
0
0
15
1541
0
0
676
0
29
0
0
0
8
6332
28
0
4
0
0
218
0
0
1409
1
0
14
1699
0
0
0
0
0
0
4211
1013
0
15254
0
0
0
0
0
0
40
0
955
4
0
9
0
144
3909
9
0
0
0
3
0
0
0
0
0
9
0
0
5
0
0
15
0
0
0
1090
0
0
1
1
0
0
0
2316
1
0
0
0
2646
0
0
13174
0
0
5225
0
0
9
0
0
0
4
0
1
2
0
0
0
0
2825
0
0
0
0
0
0
0
0
388
0
0
4
0
0
0
0
0
4
0
0
0
0
0
0
0
28
0
13
0
4
12228
1352
45
4497
78
0
4283
0
0
0
0
6
0
0
0
0
1
0
472
72
0
0
629
1961
0
1
0
254
0
0
0
0
2312
0
0
384
0
0
0
0
0
0
0
0
0
0
0
0
0
0
158
0
4940
475
0
0
0
0
7
42
0
0
0
0
0
2
0
0
0
0
1254
332
0
0
0
0
0
9
0
0
0
35
0
3742
2128
18902
629
0
379
0
0
28
0
2
0
886
0
0
17340
0
0
0
0
0
9203
0
0
17
3110
0
0
0
0
0
13
819
0
72
161
326
0
0
0
0
0
1541
0
0
2
0
0
0
0
0
0
2
0
0
0
17
49
0
2633
0
0
0
788
2
1
0
0
0
0
2
0
0
0
0
0
0
0
0
13
4
0
0
0
1090
0
0
0
1
0
4
0
0
0
4
0
0
14979
629
0
0
0
0
0
1
0
0
0
0
0
0
0
0
0
146
0
0
0
729
1
1
0
0
12853
58
0
0
0
0
0
0
0
9
50
0
0
221
1
0
0
0
0
0
0
0
0
1
9
0
0
874
0
0
15
2575
0
0
206
0
3
0
4940
0
0
0
0
0
0
2752
2
0
0
0
0
139
6332
42
0
0
0
7114
6474
0
0
3
0
9
905
0
0
0
0
11
0
1238
0
83
0
0
0
301
0
254
2
905
0
0
0
0
0
0
0
0
0
0
0
3
0
0
2986
0
0
0
0
0
0
0
206
0
2
0
4705
0
83
0
0
0
0
0
0
0
0
83
0
0
0
803
0
4
72
4
0
0
819
0
2045
0
72
0
653
0
2969
0
0
9
0
0
16242
17
0
0
110
0
3
14705
0
0
0
0
0
3163
0
0
0
265
0
397
0
0
0
7
0
0
2
44
3
28
0
0
17216
0
0
0
2316
0
0
0
3
439
0
2619
0
0
13
0
1
0
0
0
277
101
68
0
182
0
0
0
0
0
0
0
0
17
7
0
4451
11187
0
0
1
0
0
1541
0
0
0
1252
0
0
0
0
0
0
1
0
1
0
0
3999
0
0
60
0
0
0
0
2
221
0
0
2
0
788
905
293
110
213
0
0
0
66
1290
881
193
0
9
0
3
0
0
0
0
905
905
6913
49
0
13
9
1090
158
0
0
7
58
1936
8473
0
0
0
183
0
0
3207
0
15
0
0
0
1
134
158
0
3383
0
0
0
7694
0
0
0
1298
0
0
546
0
0
0
0
6
0
0
2
3209
50
0
0
8
16866
0
0
0
78
0
0
4
0
46
0
72
0
75
10150
0
354
0
0
0
453
2027
2
1
0
33
177
0
0
0
0
1
0
3702
11443
0
0
8021
214
0
0
0
0
0
0
2
0
0
212
0
1
0
