000012
000037
000058
000089
000124
000156
000198
000234
000267
000301
000345
000389
000412
000456
000498
000523
000567
000601
000645
000689
000712
000756
000798
000834
000867
000901
000945
000989
001023
001056
001098
001134
001167
001201
001245
001289
001312
001356
001398
001434
001467
001501
001545
001589
001623
001656
001698
001734
001767
001801
002345
002389
002423
002456
002498
002534
002567
002601
002645
002689
002712
002756
002798
002834
002867
002901
002945
002989
003023
003056
003098
003134
003167
003201
003245
003289
003312
003356
003398
003434
003467
003501
003545
003589
003623
003656
003698
003734
003767
003801
004123
004156
004198
004234
004267
004301
004345
004389
004412
004456
005001
005034
005067
005098
005123
005156
005189
005212
005245
005278
005301
005334
005367
005398
005423
005456
005489
005512
005545
005578
006012
006045
006078
006101
006134
006167
006198
006223
006256
006289
006312
006345
006378
006401
006434
006467
006498
006523
006556
006589
007001
007034
007067
007098
007123
007156
007189
007212
007245
007278
007301
007334
007367
007398
007423
007456
007489
007512
007545
007578
008012
008045
008078
008101
008134
008167
008198
008223
008256
008289
008312
008345
008378
008401
008434
008467
008498
008523
008556
008589
009001
009034
009067
009098
009123
009156
009189
009212
009245
009278
009301
009334
009367
009398
009423
009456
009489
009512
009545
009578
